Comienza a insertar valores
Número 		 |		Tiempo que le tomó
--------------------------------------------------------
    17		 | 		36
    555		 | 		78
    320		 | 		115
    3		 | 		153
    901		 | 		190
    89		 | 		227
    397		 | 		272
    594		 | 		316
    744		 | 		354
    18		 | 		447
    875		 | 		530
    431		 | 		608
    553		 | 		652
    102		 | 		690
    847		 | 		728
    106		 | 		766
    420		 | 		804
    132		 | 		843
    351		 | 		881
    390		 | 		919
    62		 | 		956
    22		 | 		994
    347		 | 		1031
    55		 | 		1078
    454		 | 		1130
    891		 | 		1182
    944		 | 		1253
    86		 | 		1326
    77		 | 		1378
    654		 | 		1420
    467		 | 		1470
    93		 | 		1535
    561		 | 		1595
    138		 | 		1647
    447		 | 		1710
    813		 | 		1778
    226		 | 		1836
    844		 | 		1894
    406		 | 		1962
    322		 | 		2018
    213		 | 		2082
    632		 | 		2136
    752		 | 		2188
    765		 | 		2238
    734		 | 		2315
    950		 | 		2375
    222		 | 		2417
    505		 | 		2472
    82		 | 		2541
    572		 | 		2590
    895		 | 		2629
    495		 | 		2667
    946		 | 		2704
    241		 | 		2742
    902		 | 		2779
    751		 | 		2817
    483		 | 		2854
    845		 | 		2891
    837		 | 		2929
    912		 | 		2967
    850		 | 		3005
    655		 | 		3043
    356		 | 		3080
    410		 | 		3118
    144		 | 		3155
    803		 | 		3192
    574		 | 		3229
    722		 | 		3271
    646		 | 		3311
    332		 | 		3349
    43		 | 		3407
    858		 | 		3457
    963		 | 		3505
    794		 | 		3554
    974		 | 		3602
    696		 | 		3651
    95		 | 		3699
    196		 | 		3750
    201		 | 		3799
    528		 | 		3848
    119		 | 		3897
    447		 | 		3947
    23		 | 		3997
    416		 | 		4046
    39		 | 		4109
    924		 | 		4186
    167		 | 		4259
    521		 | 		4349
    768		 | 		4422
    355		 | 		4498
    784		 | 		4557
    969		 | 		4607
    361		 | 		4657
    140		 | 		4707
    731		 | 		4755
    504		 | 		4804
    942		 | 		4853
    304		 | 		4902
    225		 | 		4952
    587		 | 		5000
    635		 | 		5039
    619		 | 		5077
    444		 | 		5116
    598		 | 		5155
    764		 | 		5193
    417		 | 		5231
    645		 | 		5273
    859		 | 		5315
    964		 | 		5352
    197		 | 		5390
    386		 | 		5428
    83		 | 		5465
    643		 | 		5505
    408		 | 		5545
    498		 | 		5582
    681		 | 		5619
    683		 | 		5657
    16		 | 		5704
    554		 | 		5748
    802		 | 		5799
    370		 | 		5841
    337		 | 		5880
    771		 | 		5917
    730		 | 		5956
    476		 | 		5993
    501		 | 		6031
    586		 | 		6068
    417		 | 		6105
    156		 | 		6143
    810		 | 		6181
    355		 | 		6218
    143		 | 		6255
    429		 | 		6320
    798		 | 		6384
    740		 | 		6426
    192		 | 		6464
    567		 | 		6504
    736		 | 		6544
    402		 | 		6582
    882		 | 		6620
    933		 | 		6657
    788		 | 		6694
    964		 | 		6731
    575		 | 		6768
    547		 | 		6805
    814		 | 		6842
    608		 | 		6879
    230		 | 		6916
    829		 | 		6953
    513		 | 		6990
    31		 | 		7027
    551		 | 		7064
    201		 | 		7101
    153		 | 		7138
    632		 | 		7175
    677		 | 		7212
    5		 | 		7250
    217		 | 		8604
    445		 | 		8650
    161		 | 		8688
    379		 | 		8726
    800		 | 		8764
    303		 | 		8802
    159		 | 		8839
    949		 | 		8876
    394		 | 		8913
    702		 | 		8951
    867		 | 		8989
    129		 | 		9026
    104		 | 		9063
    749		 | 		9100
    61		 | 		9138
    891		 | 		9175
    64		 | 		9220
    988		 | 		9259
    437		 | 		9312
    229		 | 		9352
    947		 | 		9392
    18		 | 		9431
    58		 | 		9470
    459		 | 		9510
    49		 | 		9550
    960		 | 		9588
    659		 | 		9627
    201		 | 		9665
    943		 | 		9704
    687		 | 		9785
    206		 | 		9848
    160		 | 		9912
    484		 | 		9963
    718		 | 		10016
    890		 | 		10063
    635		 | 		10114
    20		 | 		10156
    48		 | 		10193
    935		 | 		10232
    765		 | 		10272
    749		 | 		10341
    802		 | 		10393
    245		 | 		10461
    204		 | 		10509
    902		 | 		10551
    306		 | 		10589
    94		 | 		10627
    317		 | 		10666
    645		 | 		10705
    883		 | 		10745
    546		 | 		10783
    943		 | 		10823
    900		 | 		10863
    955		 | 		10902
    753		 | 		10940
    300		 | 		11017
    266		 | 		11059
    411		 | 		11096
    501		 | 		11134
    208		 | 		11171
    450		 | 		11208
    58		 | 		11245
    719		 | 		11293
    285		 | 		11333
    775		 | 		11371
    608		 | 		11408
    919		 | 		11446
    146		 | 		11484
    655		 | 		11522
    853		 | 		11561
    910		 | 		11598
    756		 | 		11635
    6		 | 		11673
    506		 | 		11711
    959		 | 		11748
    259		 | 		11802
    163		 | 		11855
    405		 | 		11894
    928		 | 		11932
    807		 | 		11996
    639		 | 		12058
    473		 | 		12124
    749		 | 		12179
    538		 | 		12228
    779		 | 		12280
    853		 | 		12333
    838		 | 		12400
    44		 | 		12460
    616		 | 		12527
    690		 | 		12570
    603		 | 		12610
    65		 | 		12668
    747		 | 		12726
    322		 | 		12779
    701		 | 		12833
    873		 | 		12875
    929		 | 		12913
    619		 | 		12950
    370		 | 		12987
    936		 | 		13025
    823		 | 		13063
    279		 | 		13101
    43		 | 		13138
    181		 | 		13176
    784		 | 		13214
    353		 | 		13252
    791		 | 		13306
    299		 | 		13346
    757		 | 		13384
    718		 | 		13421
    105		 | 		13459
    395		 | 		13496
    542		 | 		13533
    206		 | 		13570
    285		 | 		13607
    320		 | 		13645
    58		 | 		13682
    474		 | 		13719
    715		 | 		13757
    673		 | 		13794
    163		 | 		13831
    318		 | 		13868
    89		 | 		13905
    261		 | 		13942
    639		 | 		13979
    789		 | 		14018
    485		 | 		14074
    919		 | 		14135
    759		 | 		14177
    854		 | 		14216
    854		 | 		14253
    934		 | 		14309
    484		 | 		14362
    248		 | 		14424
    114		 | 		14465
    619		 | 		14519
    601		 | 		14565
    904		 | 		14606
    917		 | 		14645
    357		 | 		14691
    974		 | 		14731
    374		 | 		14783
    104		 | 		14842
    515		 | 		14887
    579		 | 		14925
    388		 | 		14965
    835		 | 		15003
    988		 | 		15060
    213		 | 		15104
    549		 | 		15142
    13		 | 		15179
    727		 | 		15217
    866		 | 		15297
    453		 | 		15388
    339		 | 		15468
    856		 | 		15530
    242		 | 		15572
    823		 | 		15657
    775		 | 		15724
    352		 | 		15798
    28		 | 		15844
    980		 | 		15883
    285		 | 		15921
    511		 | 		15960
    228		 | 		16000
    750		 | 		16037
    481		 | 		16074
    828		 | 		16112
    654		 | 		16149
    398		 | 		16195
    536		 | 		16233
    979		 | 		16271
    771		 | 		16324
    639		 | 		16362
    493		 | 		16400
    701		 | 		16438
    378		 | 		16476
    679		 | 		16513
    40		 | 		16551
    942		 | 		16588
    228		 | 		16625
    404		 | 		16662
    668		 | 		16699
    445		 | 		16737
    857		 | 		16774
    6		 | 		16811
    653		 | 		16848
    98		 | 		16885
    180		 | 		16923
    427		 | 		16960
    801		 | 		16997
    207		 | 		17034
    406		 | 		17071
    86		 | 		17108
    69		 | 		17145
    633		 | 		17182
    835		 | 		17219
    550		 | 		17256
    812		 | 		18612
    840		 | 		18656
    299		 | 		18694
    348		 | 		18731
    818		 | 		18768
    421		 | 		18807
    338		 | 		18844
    663		 | 		18881
    121		 | 		18919
    716		 | 		18958
    341		 | 		18995
    512		 | 		19033
    657		 | 		19070
    920		 | 		19107
    916		 | 		19144
    677		 | 		19182
    717		 | 		19219
    772		 | 		19256
    682		 | 		19313
    369		 | 		19361
    221		 | 		19399
    214		 | 		19436
    795		 | 		19473
    21		 | 		19510
    420		 | 		19548
    552		 | 		19586
    458		 | 		19623
    841		 | 		19660
    537		 | 		19698
    293		 | 		19736
    390		 | 		19773
    348		 | 		19810
    484		 | 		19846
    40		 | 		19883
    47		 | 		19920
    654		 | 		19957
    460		 | 		19994
    385		 | 		20032
    316		 | 		20069
    580		 | 		20106
    452		 | 		20143
    656		 | 		20180
    443		 | 		20217
    460		 | 		20254
    928		 | 		20306
    358		 | 		20357
    136		 | 		20395
    644		 | 		20433
    481		 | 		20470
    170		 | 		20508
    364		 | 		20545
    701		 | 		20582
    383		 | 		20618
    510		 | 		20656
    74		 | 		20693
    154		 | 		20730
    61		 | 		20767
    531		 | 		20804
    994		 | 		20841
    949		 | 		20878
    823		 | 		20916
    735		 | 		20953
    297		 | 		21028
    659		 | 		21071
    774		 | 		21111
    695		 | 		21149
    312		 | 		21187
    233		 | 		21225
    79		 | 		21283
    627		 | 		21370
    164		 | 		21418
    530		 | 		21466
    634		 | 		21520
    607		 | 		21582
    990		 | 		21633
    913		 | 		21682
    316		 | 		21744
    477		 | 		21798
    556		 | 		21854
    797		 | 		21917
    646		 | 		21980
    271		 | 		22021
    849		 | 		22061
    28		 | 		22122
    780		 | 		22172
    922		 | 		22218
    534		 | 		22257
    193		 | 		22318
    453		 | 		22370
    527		 | 		22408
    141		 | 		22446
    627		 | 		22483
    614		 | 		22525
    437		 | 		22564
    637		 | 		22601
    387		 | 		22638
    132		 | 		22676
    948		 | 		22713
    620		 | 		22751
    562		 | 		22788
    926		 | 		22825
    135		 | 		22862
    444		 | 		22899
    560		 | 		22937
    93		 | 		22974
    433		 | 		23011
    824		 | 		23048
    409		 | 		23085
    909		 | 		23122
    732		 | 		23159
    557		 | 		23196
    907		 | 		23233
    2		 | 		23270
    757		 | 		23320
    286		 | 		23379
    782		 | 		23437
    679		 | 		23480
    819		 | 		23519
    974		 | 		23556
    483		 | 		23594
    346		 | 		23631
    114		 | 		23669
    461		 | 		23706
    959		 | 		23743
    903		 | 		23780
    98		 | 		23818
    697		 | 		23855
    386		 | 		23892
    45		 | 		23929
    668		 | 		23966
    299		 | 		24003
    323		 | 		24041
    803		 | 		24079
    742		 | 		24116
    234		 | 		24153
    895		 | 		24190
    526		 | 		24228
    57		 | 		24265
    655		 | 		24309
    435		 | 		24347
    788		 | 		24384
    563		 | 		24421
    693		 | 		24457
    790		 | 		24495
    320		 | 		24532
    978		 | 		24574
    923		 | 		24615
    350		 | 		24652
    797		 | 		24690
    248		 | 		24728
    832		 | 		24765
    494		 | 		24811
    713		 | 		24852
    644		 | 		24890
    804		 | 		24928
    967		 | 		24966
    741		 | 		25004
    500		 | 		25041
    352		 | 		25079
    138		 | 		25117
    520		 | 		25155
    3		 | 		25193
    460		 | 		25231
    674		 | 		25268
    744		 | 		25306
    45		 | 		25343
    920		 | 		25381
    270		 | 		25419
    101		 | 		25456
    575		 | 		25494
    56		 | 		25531
    889		 | 		25569
    137		 | 		25607
    748		 | 		25645
    30		 | 		25683
    808		 | 		25741
    77		 | 		25814
    304		 | 		25880
    157		 | 		25921
    873		 | 		25959
    903		 | 		25997
    340		 | 		26035
    718		 | 		26073
    615		 | 		26115
    984		 | 		26160
    521		 | 		26223
    582		 | 		26297
    76		 | 		26343
    373		 | 		26384
    285		 | 		26423
    565		 | 		26462
    244		 | 		26506
    287		 | 		26544
    376		 | 		26587
    917		 | 		26626
    31		 | 		26664
    420		 | 		26701
    836		 | 		26742
    300		 | 		26781
    521		 | 		28098
    762		 | 		28142
    707		 | 		28182
    761		 | 		28241
    251		 | 		28303
    454		 | 		28370
    142		 | 		28411
    58		 | 		28450
    530		 | 		28488
    797		 | 		28527
    215		 | 		28583
    755		 | 		28627
    699		 | 		28669
    906		 | 		28729
    824		 | 		28775
    313		 | 		28831
    889		 | 		28889
    697		 | 		28932
    894		 | 		28970
    965		 | 		29009
    69		 | 		29047
    179		 | 		29084
    881		 | 		29122
    664		 | 		29160
    817		 | 		29199
    257		 | 		29236
    580		 | 		29274
    847		 | 		29312
    676		 | 		29350
    415		 | 		29388
    498		 | 		29426
    548		 | 		29463
    177		 | 		29501
    556		 | 		29539
    308		 | 		29576
    427		 | 		29615
    361		 | 		29652
    801		 | 		29691
    836		 | 		29728
    243		 | 		29766
    597		 | 		29816
    50		 | 		29860
    997		 | 		29900
    295		 | 		29939
    956		 | 		29979
    820		 | 		30017
    608		 | 		30055
    196		 | 		30093
    516		 | 		30131
    853		 | 		30169
    512		 | 		30207
    936		 | 		30245
    383		 | 		30282
    393		 | 		30320
    599		 | 		30358
    200		 | 		30396
    649		 | 		30434
    530		 | 		30471
    398		 | 		30509
    676		 | 		30547
    945		 | 		30585
    248		 | 		30623
    224		 | 		30661
    473		 | 		30698
    155		 | 		30736
    883		 | 		30774
    251		 | 		30822
    516		 | 		30866
    684		 | 		30908
    86		 | 		30949
    758		 | 		30988
    280		 | 		31026
    488		 | 		31064
    754		 | 		31101
    575		 | 		31140
    795		 | 		31179
    925		 | 		31217
    534		 | 		31256
    990		 | 		31293
    793		 | 		31331
    738		 | 		31369
    502		 | 		31413
    80		 | 		31453
    121		 | 		31492
    246		 | 		31532
    31		 | 		31570
    672		 | 		31608
    246		 | 		31646
    560		 | 		31683
    421		 | 		31721
    921		 | 		31759
    504		 | 		31803
    20		 | 		31858
    496		 | 		31898
    328		 | 		31936
    175		 | 		31975
    379		 | 		32013
    578		 | 		32051
    690		 | 		32089
    62		 | 		32127
    664		 | 		32165
    447		 | 		32202
    693		 | 		32240
    503		 | 		32300
    552		 | 		32344
    619		 | 		32383
    297		 | 		32420
    828		 | 		32458
    152		 | 		32496
    286		 | 		32533
    620		 | 		32571
    242		 | 		32609
    139		 | 		32646
    52		 | 		32684
    362		 | 		32722
    736		 | 		32761
    82		 | 		32803
    385		 | 		32847
    981		 | 		32886
    641		 | 		32924
    157		 | 		32962
    254		 | 		32999
    497		 | 		33037
    177		 | 		33075
    749		 | 		33112
    824		 | 		33150
    351		 | 		33188
    127		 | 		33226
    754		 | 		33264
    392		 | 		33302
    540		 | 		33340
    769		 | 		33378
    190		 | 		33416
    233		 | 		33453
    271		 | 		33491
    741		 | 		33528
    851		 | 		33566
    567		 | 		33605
    920		 | 		33643
    355		 | 		33680
    204		 | 		33718
    892		 | 		33755
    596		 | 		33793
    695		 | 		33844
    943		 | 		33882
    309		 | 		33919
    430		 | 		33957
    24		 | 		33995
    693		 | 		34032
    763		 | 		34070
    664		 | 		34109
    849		 | 		34146
    16		 | 		34183
    512		 | 		34226
    377		 | 		34265
    116		 | 		34302
    336		 | 		34340
    79		 | 		34377
    595		 | 		34415
    89		 | 		34452
    470		 | 		34489
    134		 | 		34527
    857		 | 		34568
    659		 | 		34607
    366		 | 		34644
    479		 | 		34682
    751		 | 		34721
    569		 | 		34758
    45		 | 		34799
    23		 | 		34848
    923		 | 		34887
    248		 | 		34925
    914		 | 		34962
    518		 | 		35000
    294		 | 		35037
    856		 | 		35076
    826		 | 		35113
    724		 | 		35164
    231		 | 		35257
    870		 | 		35328
    486		 | 		35371
    894		 | 		35410
    718		 | 		35448
    853		 | 		35487
    406		 | 		35525
    95		 | 		35576
    968		 | 		35620
    93		 | 		35664
    173		 | 		35713
    914		 | 		35765
    533		 | 		35830
    995		 | 		35892
    48		 | 		35932
    741		 | 		35971
    5		 | 		36008
    765		 | 		36046
    219		 | 		36084
    108		 | 		36122
    333		 | 		36160
    263		 | 		36197
    130		 | 		36235
    607		 | 		36273
    862		 | 		36312
    43		 | 		36350
    124		 | 		36387
    156		 | 		36425
    250		 | 		36462
    301		 | 		36500
    231		 | 		36537
    480		 | 		36578
    170		 | 		36615
    68		 | 		36653
    725		 | 		36690
    240		 | 		36727
    920		 | 		36765
    130		 | 		36809
    686		 | 		38188
    239		 | 		38231
    574		 | 		38269
    210		 | 		38307
    153		 | 		38345
    106		 | 		38382
    556		 | 		38421
    552		 | 		38458
    846		 | 		38495
    561		 | 		38533
    316		 | 		38570
    64		 | 		38608
    668		 | 		38646
    1		 | 		38683
    678		 | 		38720
    797		 | 		38758
    607		 | 		38796
    540		 | 		38853
    191		 | 		38892
    83		 | 		38929
    47		 | 		38967
    440		 | 		39005
    383		 | 		39042
    277		 | 		39079
    919		 | 		39118
    905		 | 		39155
    344		 | 		39192
    643		 | 		39230
    496		 | 		39268
    615		 | 		39305
    125		 | 		39343
    181		 | 		39380
    205		 | 		39418
    50		 | 		39456
    742		 | 		39493
    709		 | 		39531
    156		 | 		39572
    298		 | 		39613
    260		 | 		39651
    353		 | 		39689
    210		 | 		39726
    928		 | 		39764
    769		 | 		39804
    877		 | 		39844
    928		 | 		39882
    446		 | 		39920
    25		 | 		39958
    886		 | 		39995
    337		 | 		40033
    567		 | 		40095
    968		 | 		40135
    383		 | 		40174
    6		 | 		40211
    703		 | 		40249
    11		 | 		40287
    276		 | 		40325
    607		 | 		40363
    354		 | 		40400
    918		 | 		40438
    102		 | 		40510
    320		 | 		40551
    394		 | 		40589
    634		 | 		40627
    525		 | 		40664
    444		 | 		40702
    727		 | 		40739
    233		 | 		40777
    951		 | 		40818
    24		 | 		40856
    493		 | 		40894
    655		 | 		40931
    585		 | 		40969
    420		 | 		41006
    423		 | 		41044
    461		 | 		41083
    699		 | 		41121
    221		 | 		41158
    837		 | 		41196
    584		 | 		41233
    557		 | 		41270
    403		 | 		41308
    552		 | 		41346
    292		 | 		41383
    760		 | 		41420
    606		 | 		41458
    302		 | 		41495
    35		 | 		41533
    212		 | 		41571
    8		 | 		41608
    305		 | 		41646
    665		 | 		41684
    327		 | 		41722
    50		 | 		41760
    650		 | 		41798
    851		 | 		41845
    493		 | 		41883
    376		 | 		41922
    436		 | 		41959
    795		 | 		41997
    752		 | 		42034
    280		 | 		42072
    450		 | 		42136
    336		 | 		42199
    51		 | 		42240
    872		 | 		42279
    149		 | 		42317
    749		 | 		42354
    92		 | 		42392
    337		 | 		42429
    684		 | 		42468
    1		 | 		42506
    92		 | 		42543
    587		 | 		42583
    292		 | 		42620
    851		 | 		42659
    192		 | 		42696
    945		 | 		42733
    886		 | 		42771
    403		 | 		42815
    952		 | 		42865
    542		 | 		42902
    419		 | 		42940
    631		 | 		42977
    591		 | 		43014
    420		 | 		43052
    833		 | 		43089
    436		 | 		43128
    796		 | 		43165
    268		 | 		43203
    230		 | 		43240
    899		 | 		43277
    547		 | 		43315
    31		 | 		43352
    586		 | 		43389
    597		 | 		43426
    903		 | 		43464
    734		 | 		43501
    345		 | 		43538
    346		 | 		43576
    423		 | 		43613
    381		 | 		43650
    698		 | 		43687
    514		 | 		43724
    967		 | 		43761
    989		 | 		43799
    364		 | 		43848
    159		 | 		43887
    286		 | 		43953
    601		 | 		44010
    913		 | 		44049
    237		 | 		44087
    142		 | 		44135
    684		 | 		44185
    867		 | 		44227
    733		 | 		44265
    103		 | 		44303
    700		 | 		44340
    168		 | 		44378
    898		 | 		44416
    319		 | 		44454
    397		 | 		44491
    148		 | 		44530
    866		 | 		44568
    428		 | 		44605
    734		 | 		44642
    462		 | 		44680
    682		 | 		44717
    819		 | 		44754
    159		 | 		44792
    379		 | 		44849
    241		 | 		44888
    539		 | 		44926
    429		 | 		44963
    754		 | 		45000
    857		 | 		45037
    769		 | 		45075
    118		 | 		45112
    15		 | 		45150
    54		 | 		45189
    70		 | 		45227
    928		 | 		45264
    643		 | 		45302
    212		 | 		45339
    611		 | 		45376
    509		 | 		45413
    944		 | 		45451
    65		 | 		45493
    560		 | 		45531
    463		 | 		45569
    315		 | 		45606
    231		 | 		45643
    211		 | 		45681
    462		 | 		45738
    96		 | 		45798
    990		 | 		45852
    195		 | 		45891
    909		 | 		45929
    23		 | 		45967
    366		 | 		46004
    419		 | 		46041
    402		 | 		46079
    606		 | 		46116
    309		 | 		46154
    182		 | 		46192
    712		 | 		46229
    166		 | 		46266
    950		 | 		46303
    181		 | 		46340
    180		 | 		46377
    4		 | 		46414
    250		 | 		46452
    459		 | 		46489
    646		 | 		46526
    461		 | 		46563
    421		 | 		46600
    506		 | 		46638
    756		 | 		46675
    486		 | 		46712
    418		 | 		46750
    218		 | 		46787
    800		 | 		48061
    648		 | 		48106
    429		 | 		48145
    613		 | 		48182
    95		 | 		48220
    418		 | 		48258
    160		 | 		48295
    3		 | 		48333
    793		 | 		48372
    525		 | 		48409
Le demoró: 48455 microsegundos en insertar 1000valores

Le demoró: 48512 microsegundos en insertar 1000 valores

