

Comienza el proceso de eliminación



Número 		 |		Tiempo que le tomó
--------------------------------------------------------
    886		 | 		5
    941		 | 		58
    765		 | 		90
    840		 | 		120
    762		 | 		155
    457		 | 		198
    651		 | 		236
    896		 | 		273
    51		 | 		306
    882		 | 		340
    706		 | 		381
    601		 | 		411
    745		 | 		452
    62		 | 		480
    361		 | 		511
    749		 | 		547
    573		 | 		589
    20		 | 		620
    76		 | 		651
    25		 | 		732
    564		 | 		774
    271		 | 		834
    671		 | 		876
    189		 | 		916
    475		 | 		955
    276		 | 		986
    885		 | 		1053
    944		 | 		1087
    578		 | 		1120
    338		 | 		1155
    96		 | 		1188
    816		 | 		1231
    278		 | 		1270
    212		 | 		1301
    655		 | 		1332
    40		 | 		1363
    20		 | 		1394
    658		 | 		1435
    287		 | 		1467
    70		 | 		1500
    539		 | 		1534
    344		 | 		1565
    22		 | 		1596
    635		 | 		1630
    405		 | 		1664
    734		 | 		1696
    736		 | 		1727
    329		 | 		1767
    754		 | 		1798
    163		 | 		1829
    353		 | 		1860
    669		 | 		1901
    433		 | 		1931
    23		 | 		1964
    210		 | 		1996
    908		 | 		2040
    650		 | 		2072
    94		 | 		2104
    203		 | 		2145
    580		 | 		2177
    431		 | 		2209
    650		 | 		2250
    395		 | 		2281
    60		 | 		2322
    861		 | 		2359
    401		 | 		2396
    99		 | 		2441
    232		 | 		2479
    58		 | 		2508
    737		 | 		2570
    301		 | 		2600
    948		 | 		2633
    80		 | 		2668
    674		 | 		2700
    935		 | 		2733
    836		 | 		2764
    407		 | 		2809
    670		 | 		2847
    164		 | 		2878
    512		 | 		2919
    832		 | 		2955
    869		 | 		2997
    533		 | 		3025
    617		 | 		3069
    243		 | 		3098
    742		 | 		3127
    876		 | 		3169
    893		 | 		3221
    835		 | 		3258
    78		 | 		3320
    472		 | 		3361
    617		 | 		3404
    727		 | 		3433
    218		 | 		3465
    676		 | 		3496
    939		 | 		3537
    618		 | 		3574
    127		 | 		3605
    170		 | 		3635
    28		 | 		3668
    863		 | 		3708
    822		 | 		3744
    975		 | 		3783
    295		 | 		3816
    847		 | 		3850
    909		 | 		3882
    130		 | 		3914
    605		 | 		3956
    578		 | 		3995
    646		 | 		4024
    469		 | 		4066
    762		 | 		4106
    514		 | 		4134
    1		 | 		4167
    378		 | 		4199
    756		 | 		4230
    742		 | 		4261
    253		 | 		4304
    1000		 | 		4344
    928		 | 		4377
    682		 | 		4414
    471		 | 		4457
    896		 | 		4498
    760		 | 		4531
    40		 | 		4564
    571		 | 		4609
    50		 | 		4642
    658		 | 		4683
    49		 | 		4712
    571		 | 		4750
    37		 | 		4792
    912		 | 		4823
    392		 | 		4856
    11		 | 		4887
    206		 | 		4922
    590		 | 		4962
    272		 | 		4999
    687		 | 		5033
    546		 | 		5062
    201		 | 		5091
    332		 | 		5124
    14		 | 		5165
    962		 | 		5201
    845		 | 		5230
    14		 | 		5267
    691		 | 		5306
    953		 | 		5342
    107		 | 		5381
    295		 | 		5422
    952		 | 		5450
    386		 | 		5482
    328		 | 		5513
    775		 | 		5547
    281		 | 		5588
    87		 | 		5624
    814		 | 		5726
    204		 | 		5771
    136		 | 		5809
    823		 | 		5840
    252		 | 		5877
    706		 | 		5919
    859		 | 		5948
    515		 | 		5977
    449		 | 		6017
    222		 | 		6052
    72		 | 		6092
    390		 | 		6122
    493		 | 		6154
    759		 | 		6185
    936		 | 		6215
    693		 | 		6245
    442		 | 		6285
    949		 | 		6315
    7		 | 		6353
    639		 | 		6382
    315		 | 		6414
    49		 | 		6452
    591		 | 		6482
    773		 | 		6519
    344		 | 		6558
    894		 | 		6588
    159		 | 		6618
    671		 | 		6657
    668		 | 		6686
    791		 | 		6715
    110		 | 		6752
    482		 | 		6791
    994		 | 		6820
    597		 | 		6851
    656		 | 		6881
    246		 | 		6914
    303		 | 		6945
    515		 | 		6983
    760		 | 		7026
    103		 | 		7059
    736		 | 		7090
    832		 | 		7128
    493		 | 		7161
    580		 | 		7190
    942		 | 		7223
    428		 | 		7256
    272		 | 		7296
    383		 | 		7325
    728		 | 		7363
    630		 | 		7401
    21		 | 		7434
    42		 | 		7471
    679		 | 		7502
    611		 | 		7534
    815		 | 		7571
    374		 | 		7603
    857		 | 		7632
    325		 | 		7764
    44		 | 		7799
    524		 | 		7838
    115		 | 		7874
    505		 | 		7905
    357		 | 		7935
    109		 | 		7974
    102		 | 		8005
    13		 | 		8039
    706		 | 		8076
    756		 | 		8105
    527		 | 		8136
    817		 | 		8168
    858		 | 		8199
    614		 | 		8229
    1000		 | 		8271
    702		 | 		8303
    193		 | 		8335
    941		 | 		8371
    129		 | 		8405
    816		 | 		8443
    324		 | 		8482
    857		 | 		8511
    798		 | 		8543
    696		 | 		8577
    250		 | 		8611
    476		 | 		8642
    659		 | 		8736
    64		 | 		8768
    849		 | 		8831
    515		 | 		8869
    740		 | 		8901
    244		 | 		8936
    38		 | 		8974
    855		 | 		9010
    749		 | 		9044
    395		 | 		9084
    963		 | 		9114
    202		 | 		9157
    759		 | 		9195
    20		 | 		9235
    957		 | 		9293
    285		 | 		9337
    836		 | 		9381
    814		 | 		9423
    250		 | 		9453
    836		 | 		9493
    868		 | 		9532
    794		 | 		9562
    776		 | 		9601
    996		 | 		9638
    961		 | 		9678
    451		 | 		9716
    204		 | 		9745
    758		 | 		9780
    499		 | 		9819
    454		 | 		9850
    233		 | 		9882
    157		 | 		9915
    869		 | 		9952
    433		 | 		9998
    671		 | 		10037
    609		 | 		10074
    29		 | 		10111
    60		 | 		10148
    815		 | 		10190
    129		 | 		10230
    806		 | 		10271
    129		 | 		10312
    330		 | 		10349
    564		 | 		10389
    148		 | 		10422
    286		 | 		10452
    200		 | 		10487
    983		 | 		10532
    451		 | 		10571
    449		 | 		10611
    170		 | 		10641
    318		 | 		10675
    594		 | 		10706
    298		 | 		10736
    666		 | 		10780
    555		 | 		10810
    748		 | 		10841
    221		 | 		10871
    312		 | 		10906
    598		 | 		10936
    26		 | 		10977
    897		 | 		11016
    754		 | 		11058
    895		 | 		11091
    681		 | 		11126
    776		 | 		11170
    855		 | 		11208
    709		 | 		11240
    836		 | 		11282
    669		 | 		11319
    837		 | 		11349
    993		 | 		11386
    797		 | 		11418
    518		 | 		11452
    557		 | 		11498
    296		 | 		11555
    803		 | 		11585
    756		 | 		11621
    630		 | 		11661
    254		 | 		11692
    557		 | 		11721
    800		 | 		11752
    923		 | 		11786
    502		 | 		11815
    97		 | 		11855
    588		 | 		11893
    56		 | 		11926
    196		 | 		11959
    809		 | 		11999
    720		 | 		12039
    794		 | 		12075
    834		 | 		12111
    968		 | 		12142
    547		 | 		12173
    80		 | 		12212
    1000		 | 		12249
    675		 | 		12290
    286		 | 		12319
    709		 | 		12356
    510		 | 		12385
    306		 | 		12419
    897		 | 		12459
    502		 | 		12496
    102		 | 		12525
    767		 | 		12565
    410		 | 		12595
    749		 | 		12627
    569		 | 		12660
    166		 | 		12692
    379		 | 		12725
    174		 | 		12761
    74		 | 		12794
    178		 | 		12831
    449		 | 		12868
    575		 | 		12896
    626		 | 		12938
    36		 | 		12974
    983		 | 		13010
    821		 | 		13049
    196		 | 		13078
    54		 | 		13108
    614		 | 		13144
    382		 | 		13183
    373		 | 		13213
    513		 | 		13243
    461		 | 		13273
    372		 | 		13312
    187		 | 		13348
    747		 | 		13377
    432		 | 		13416
    48		 | 		13445
    52		 | 		13473
    681		 | 		13510
    901		 | 		13541
    506		 | 		13571
    447		 | 		13601
    311		 | 		13639
    606		 | 		13673
    367		 | 		13711
    828		 | 		13739
    984		 | 		13770
    541		 | 		13808
    253		 | 		13845
    161		 | 		13873
    989		 | 		13905
    179		 | 		13934
    786		 | 		13971
    376		 | 		13999
    513		 | 		14041
    959		 | 		14071
    924		 | 		14101
    566		 | 		14140
    924		 | 		14180
    305		 | 		14210
    938		 | 		14247
    436		 | 		14275
    765		 | 		14308
    662		 | 		14346
    974		 | 		14376
    863		 | 		14416
    93		 | 		14446
    373		 | 		14484
    267		 | 		14520
    773		 | 		14557
    274		 | 		14594
    124		 | 		14623
    571		 | 		14662
    936		 | 		14690
    729		 | 		14727
    938		 | 		14764
    115		 | 		14803
    713		 | 		14832
    830		 | 		14868
    367		 | 		14906
    225		 | 		14936
    170		 | 		14972
    897		 | 		15008
    363		 | 		15047
    545		 | 		15084
    410		 | 		15121
    673		 | 		15151
    468		 | 		15195
    975		 | 		15322
    596		 | 		15354
    124		 | 		15393
    265		 | 		15433
    384		 | 		15469
    889		 | 		15498
    926		 | 		15530
    709		 | 		15567
    103		 | 		15603
    370		 | 		15679
    82		 | 		15723
    721		 | 		15790
    495		 | 		15824
    707		 | 		15860
    844		 | 		15892
    65		 | 		15932
    994		 | 		15976
    925		 | 		16010
    2		 | 		16045
    108		 | 		16078
    637		 | 		16112
    183		 | 		16156
    826		 | 		16187
    213		 | 		16222
    352		 | 		16254
    722		 | 		16289
    927		 | 		16332
    249		 | 		16377
    483		 | 		16412
    599		 | 		16446
    716		 | 		16477
    458		 | 		16511
    195		 | 		16548
    192		 | 		16582
    74		 | 		16623
    578		 | 		16731
    80		 | 		16814
    351		 | 		16848
    286		 | 		16882
    534		 | 		16921
    72		 | 		16966
    719		 | 		17000
    255		 | 		17045
    566		 | 		17091
    777		 | 		17133
    450		 | 		17170
    631		 | 		17203
    770		 | 		17245
    374		 | 		17294
    984		 | 		17337
    229		 | 		17379
    362		 | 		17416
    167		 | 		17448
    54		 | 		17492
    927		 | 		17538
    518		 | 		17583
    128		 | 		17628
    853		 | 		17663
    766		 | 		17708
    610		 | 		17750
    452		 | 		17788
    834		 | 		17832
    419		 | 		17865
    998		 | 		17910
    25		 | 		17952
    844		 | 		17995
    927		 | 		18043
    456		 | 		18087
    194		 | 		18129
    564		 | 		18175
    341		 | 		18210
    618		 | 		18254
    283		 | 		18300
    947		 | 		18333
    183		 | 		18374
    59		 | 		18421
    397		 | 		18456
    165		 | 		18499
    181		 | 		18535
    122		 | 		18577
    149		 | 		18610
    409		 | 		18645
    836		 | 		18692
    667		 | 		18730
    815		 | 		18775
    114		 | 		18811
    536		 | 		18845
    942		 | 		18876
    966		 | 		18925
    302		 | 		18958
    903		 | 		18989
    769		 | 		19021
    487		 | 		19064
    674		 | 		19099
    118		 | 		19130
    863		 | 		19172
    517		 | 		19217
    44		 | 		19253
    670		 | 		19294
    63		 | 		19330
    608		 | 		19361
    10		 | 		19404
    680		 | 		19440
    242		 | 		19471
    309		 | 		19505
    862		 | 		19539
    300		 | 		19571
    57		 | 		19602
    379		 | 		19634
    832		 | 		19699
    530		 | 		19730
    527		 | 		19770
    241		 | 		19801
    365		 | 		19842
    545		 | 		19881
    55		 | 		19912
    478		 | 		19953
    80		 | 		19992
    348		 | 		20023
    796		 | 		20056
    733		 | 		20089
    250		 | 		20129
    916		 | 		20162
    571		 | 		20202
    923		 | 		20232
    34		 | 		20272
    433		 | 		20313
    792		 | 		20353
    77		 | 		20384
    454		 | 		20417
    206		 | 		20450
    36		 | 		20490
    816		 | 		20530
    885		 | 		20570
    277		 | 		20601
    124		 | 		20645
    98		 | 		20708
    929		 | 		20740
    180		 | 		20771
    476		 | 		20814
    760		 | 		20854
    709		 | 		20894
    354		 | 		20926
    352		 | 		20994
    426		 | 		21037
    898		 | 		21067
    406		 | 		21099
    903		 | 		21132
    978		 | 		21166
    753		 | 		21198
    50		 | 		21229
    710		 | 		21266
    355		 | 		21300
    966		 | 		21344
    633		 | 		21377
    629		 | 		21419
    351		 | 		21452
    65		 | 		21484
    420		 | 		21518
    779		 | 		21554
    519		 | 		21596
    625		 | 		21636
    815		 | 		21678
    334		 | 		21721
    861		 | 		21762
    443		 | 		21797
    809		 | 		21840
    959		 | 		21874
    723		 | 		21920
    988		 | 		21953
    786		 | 		21998
    835		 | 		22035
    48		 | 		22069
    140		 | 		22103
    186		 | 		22149
    473		 | 		22185
    389		 | 		22232
    592		 | 		22281
    728		 | 		22324
    366		 | 		22367
    696		 | 		22416
    777		 | 		22458
    428		 | 		22503
    50		 | 		22537
    94		 | 		22579
    60		 | 		22623
    31		 | 		22658
    444		 | 		22691
    476		 | 		22996
    450		 | 		23040
    223		 | 		23090
    346		 | 		23130
    427		 | 		23170
    389		 | 		23225
    31		 | 		23266
    287		 | 		23326
    831		 | 		23379
    839		 | 		23427
    597		 | 		23460
    906		 | 		23501
    826		 | 		23550
    383		 | 		23587
    740		 | 		23634
    874		 | 		23683
    874		 | 		23735
    925		 | 		23781
    698		 | 		23907
    262		 | 		23962
    868		 | 		24009
    425		 | 		24059
    980		 | 		24096
    916		 | 		24138
    202		 | 		24193
    759		 | 		24242
    317		 | 		24283
    647		 | 		24332
    170		 | 		24386
    347		 | 		24427
    91		 | 		24475
    997		 | 		24508
    797		 | 		24548
    665		 | 		24588
    343		 | 		24631
    575		 | 		24714
    53		 | 		24765
    373		 | 		24858
    861		 | 		24906
    235		 | 		24954
    212		 | 		24993
    810		 | 		25031
    140		 | 		102089
    389		 | 		102468
    192		 | 		102621
    231		 | 		102713
    614		 | 		102810
    417		 | 		102883
    508		 | 		102974
    312		 | 		103065
    678		 | 		103137
    375		 | 		103227
    88		 | 		103327
    9		 | 		103426
    642		 | 		103516
    641		 | 		103584
    119		 | 		103650
    959		 | 		103740
    288		 | 		103849
    288		 | 		103954
    305		 | 		104055
    730		 | 		104149
    285		 | 		104284
    453		 | 		104395
    394		 | 		104488
    627		 | 		104566
    27		 | 		104711
    798		 | 		104834
    351		 | 		104924
    240		 | 		104995
    32		 | 		105083
    914		 | 		105217
    49		 | 		105345
    524		 | 		105483
    655		 | 		105576
    592		 | 		106108
    754		 | 		106253
    268		 | 		106325
    8		 | 		106392
    261		 | 		106462
    931		 | 		106548
    37		 | 		106633
    988		 | 		106709
    371		 | 		106804
    398		 | 		106871
    629		 | 		106957
    11		 | 		107045
    516		 | 		107117
    587		 | 		107185
    298		 | 		107271
    804		 | 		107348
    244		 | 		107437
    27		 | 		107530
    88		 | 		107618
    696		 | 		107719
    772		 | 		107785
    66		 | 		107867
    75		 | 		107958
    569		 | 		108051
    768		 | 		108121
    314		 | 		108207
    953		 | 		108298
    682		 | 		108366
    714		 | 		108457
    476		 | 		108554
    336		 | 		108617
    305		 | 		108707
    229		 | 		108802
    955		 | 		108874
    664		 | 		108943
    842		 | 		109034
    238		 | 		109119
    700		 | 		109191
    829		 | 		109257
    608		 | 		109327
    97		 | 		109417
    809		 | 		109508
    618		 | 		109602
    613		 | 		109669
    748		 | 		109757
    268		 | 		109848
    768		 | 		109935
    991		 | 		110020
    646		 | 		110097
    207		 | 		110168
    38		 | 		110257
    770		 | 		110353
    624		 | 		110440
    112		 | 		110524
    338		 | 		110617
    391		 | 		110707
    777		 | 		110800
    290		 | 		110886
    72		 | 		110969
    842		 | 		111055
    765		 | 		111124
    759		 | 		111220
    146		 | 		111289
    346		 | 		111355
    66		 | 		111447
    809		 | 		111534
    539		 | 		111619
    303		 | 		111715
    861		 | 		111807
    367		 | 		111895
    262		 | 		111985
    957		 | 		112078
    175		 | 		112149
    231		 | 		112221
    921		 | 		112291
    922		 | 		112361
    850		 | 		112428
    688		 | 		112513
    264		 | 		112600
    496		 | 		112718
    894		 | 		112824
    302		 | 		112917
    265		 | 		113000
    517		 | 		113099
    765		 | 		113189
    954		 | 		113281
    260		 | 		113351
    894		 | 		113441
    596		 | 		113533
    683		 | 		113601
    735		 | 		113669
    360		 | 		113756
    442		 | 		113850
    881		 | 		113917
    57		 | 		114005
    859		 | 		114095
    41		 | 		114184
    595		 | 		114255
    513		 | 		114343
    901		 | 		114438
    313		 | 		114511
    774		 | 		114581
    210		 | 		114659
    840		 | 		114753
    4		 | 		114828
    130		 | 		114897
    761		 | 		114970
    206		 | 		115063
    170		 | 		115153
    377		 | 		115221
    701		 | 		115292
    415		 | 		115361
    678		 | 		115449
    317		 | 		115540
    932		 | 		117441
    794		 | 		117714
    622		 | 		117826
    543		 | 		117922
    687		 | 		118010
    217		 | 		118081
    225		 | 		118180
    422		 | 		118274
    929		 | 		118363
    666		 | 		118456
    654		 | 		118533
    985		 | 		118619
    876		 | 		118706
    46		 | 		118799
    932		 | 		118883
    388		 | 		118956
    947		 | 		119046
    244		 | 		119138
    161		 | 		119233
    156		 | 		119306
    83		 | 		119372
    517		 | 		119460
    637		 | 		119549
    196		 | 		119638
    722		 | 		119738
    806		 | 		119835
    572		 | 		119914
    774		 | 		120142
    221		 | 		120233
    601		 | 		120317
    442		 | 		120420
    504		 | 		120495
    746		 | 		120596
    63		 | 		120765
    46		 | 		120908
    433		 | 		121013
    280		 | 		121090
    270		 | 		121185
    206		 | 		121287
    208		 | 		121363
    288		 | 		121464
    211		 | 		121543
    544		 | 		121641
    163		 | 		121721
    256		 | 		121828
    475		 | 		121930
    551		 | 		122002
    554		 | 		122088
    71		 | 		122186
    63		 | 		122278
    61		 | 		122350
    153		 | 		122426
    931		 | 		122520
    698		 | 		122615
    700		 | 		122710
    4		 | 		122810
    503		 | 		122890
    623		 | 		122987
    777		 | 		123081
    75		 | 		123184
    575		 | 		123256
    218		 | 		123349
    578		 | 		123449
    321		 | 		123548
    633		 | 		123641
    623		 | 		123737
    105		 | 		123811
    912		 | 		123909
    245		 | 		123984
    310		 | 		124082
    471		 | 		124177
    532		 | 		124270
    872		 | 		124342
    14		 | 		124443
    46		 | 		124548
    479		 | 		124621
    841		 | 		124702
    596		 | 		124797
    33		 | 		124894
    911		 | 		124992
    11		 | 		125088
    93		 | 		125163
    415		 | 		125256
    941		 | 		125356
    142		 | 		125437
    115		 | 		125532
    945		 | 		125604
    645		 | 		125932
    89		 | 		126013
    73		 | 		126112
    719		 | 		126203
    664		 | 		126269
    643		 | 		126340
    649		 | 		126415
    984		 | 		126507
    275		 | 		126600
    271		 | 		126674
    440		 | 		126747
    538		 | 		126829
    867		 | 		126904
    101		 | 		126977
    8		 | 		127073
    398		 | 		127158
    972		 | 		127254
    21		 | 		127362
    444		 | 		127440
    450		 | 		127534
    213		 | 		127611
    391		 | 		127716
    834		 | 		127808
    123		 | 		127906
    401		 | 		127994
    279		 | 		128075
    538		 | 		128170
    694		 | 		128264
    420		 | 		128335
    4		 | 		128435
    990		 | 		128511
    416		 | 		128581
    444		 | 		128722
    62		 | 		128839
    135		 | 		128920
    107		 | 		129018
    704		 | 		129112
    135		 | 		129206
    442		 | 		129305
    330		 | 		129403
    757		 | 		129473
    881		 | 		129571
    867		 | 		129647
    624		 | 		129742
    981		 | 		129814
    874		 | 		129895
    21		 | 		129982
    304		 | 		130051
    247		 | 		130137
    816		 | 		130235
    106		 | 		130307
    459		 | 		130376
    207		 | 		130473
    939		 | 		130577
    934		 | 		130649
    959		 | 		130745
    569		 | 		130840
    823		 | 		130916
    4		 | 		131006
    989		 | 		131105
    826		 | 		131192
    993		 | 		131278
    404		 | 		131342
    621		 | 		131436
    407		 | 		131525
    890		 | 		131598
    80		 | 		131694
    462		 | 		131768
    24		 | 		131845
    521		 | 		131920
    792		 | 		132046
    781		 | 		132202
    754		 | 		132348
    10		 | 		132498
    404		 | 		132762
    86		 | 		132878
    236		 | 		133036
    776		 | 		133184
    390		 | 		133328
    834		 | 		133440
    944		 | 		133569
    847		 | 		133670
    644		 | 		133820
    150		 | 		134136
    137		 | 		134420
    577		 | 		134687
    460		 | 		134774
    706		 | 		134873
    399		 | 		134991
    816		 | 		135108
    694		 | 		135242
    576		 | 		135373
    808		 | 		135469
    449		 | 		135575
    197		 | 		135786
    214		 | 		135897
    691		 | 		136015
    276		 | 		136124
    28		 | 		136227
    714		 | 		136327
    148		 | 		136430
    819		 | 		136509
    846		 | 		136591
    253		 | 		136830
    180		 | 		136933
    601		 | 		137042
    339		 | 		137140
    415		 | 		137253
    729		 | 		137367
    80		 | 		137486
    248		 | 		137579
    672		 | 		137672
    926		 | 		137790
    892		 | 		137887
    173		 | 		137982
Le demoró: 138067 microsegundos en borrar 1000 valores

