Comienza a insertar valores
Número 		 |		Tiempo que le tomó
--------------------------------------------------------
    17		 | 		115
    555		 | 		494
    320		 | 		564
    3		 | 		629
    901		 | 		694
    89		 | 		757
    397		 | 		819
    594		 | 		881
    744		 | 		943
    18		 | 		1014
    875		 | 		1078
    431		 | 		1141
    553		 | 		1209
    102		 | 		1272
    847		 | 		1335
    106		 | 		1398
    420		 | 		1460
    132		 | 		1522
    351		 | 		1584
    390		 | 		1677
    62		 | 		1742
    22		 | 		1806
    347		 | 		1868
    55		 | 		1931
    454		 | 		2223
    891		 | 		2320
    944		 | 		2385
    86		 | 		2444
    77		 | 		2509
    654		 | 		2573
    467		 | 		2636
    93		 | 		2701
    561		 | 		2764
    138		 | 		2827
    447		 | 		2889
    813		 | 		2951
    226		 | 		3014
    844		 | 		3076
    406		 | 		3138
    322		 | 		3200
    213		 | 		3265
    632		 | 		3331
    752		 | 		3394
    765		 | 		3456
    734		 | 		3518
    950		 | 		3580
    222		 | 		3641
    505		 | 		3707
    82		 | 		3769
    572		 | 		3832
    895		 | 		3894
    495		 | 		3956
    946		 | 		4018
    241		 | 		4080
    902		 | 		4141
    751		 | 		4203
    483		 | 		4265
    845		 | 		4330
    837		 | 		4392
    912		 | 		4455
    850		 | 		4520
    655		 | 		4588
    356		 | 		4651
    410		 | 		4713
    144		 | 		4775
    803		 | 		4838
    574		 | 		4900
    722		 | 		4963
    646		 | 		5025
    332		 | 		5088
    43		 | 		5149
    858		 | 		5212
    963		 | 		5274
    794		 | 		5337
    974		 | 		5399
    696		 | 		5462
    95		 | 		5524
    196		 | 		5586
    201		 | 		5652
    528		 | 		5719
    119		 | 		5781
    447		 | 		5843
    23		 | 		5905
    416		 | 		5968
    39		 | 		6030
    924		 | 		6093
    167		 | 		6155
    521		 | 		6217
    768		 | 		6279
    355		 | 		6341
    784		 | 		6406
    969		 | 		6469
    361		 | 		6531
    140		 | 		6594
    731		 | 		6655
    504		 | 		6718
    942		 | 		6780
    304		 | 		6841
    225		 | 		6903
    587		 | 		6965
    635		 | 		7031
    619		 | 		7094
    444		 | 		7156
    598		 | 		7218
    764		 | 		7281
    417		 | 		7343
    645		 | 		7406
    859		 | 		7467
    964		 | 		7532
    197		 | 		7595
    386		 | 		7658
    83		 | 		7720
    643		 | 		7783
    408		 | 		7849
    498		 | 		7912
    681		 | 		7979
    683		 | 		8044
    16		 | 		8108
    554		 | 		8171
    802		 | 		8233
    370		 | 		8298
    337		 | 		8361
    771		 | 		8424
    730		 | 		8486
    476		 | 		8549
    501		 | 		8615
    586		 | 		8678
    417		 | 		8740
    156		 | 		8803
    810		 | 		8865
    355		 | 		8928
    143		 | 		8990
    429		 | 		9053
    798		 | 		9115
    740		 | 		9178
    192		 | 		9244
    567		 | 		9307
    736		 | 		9369
    402		 | 		9432
    882		 | 		9494
    933		 | 		9557
    788		 | 		9622
    964		 | 		9684
    575		 | 		9747
    547		 | 		9810
    814		 | 		9872
    608		 | 		9934
    230		 | 		9997
    829		 | 		10059
    513		 | 		10123
    31		 | 		10244
    551		 | 		10309
    201		 | 		10378
    153		 | 		10445
    632		 | 		10508
    677		 | 		10571
    5		 | 		10637
    217		 | 		10701
    445		 | 		10764
    161		 | 		10827
    379		 | 		10891
    800		 | 		10954
    303		 | 		11017
    159		 | 		11080
    949		 | 		11143
    394		 | 		11206
    702		 | 		11269
    867		 | 		11332
    129		 | 		11396
    104		 | 		11460
    749		 | 		11523
    61		 | 		11586
    891		 | 		11652
    64		 | 		11720
    988		 | 		11784
    437		 | 		11847
    229		 | 		11910
    947		 | 		11973
    18		 | 		12035
    58		 | 		12099
    459		 | 		12162
    49		 | 		12225
    960		 | 		12291
    659		 | 		12354
    201		 | 		12417
    943		 | 		12480
    687		 | 		12541
    206		 | 		12603
    160		 | 		12666
    484		 | 		12729
    718		 | 		12794
    890		 | 		12858
    635		 | 		12920
    20		 | 		12983
    48		 | 		13046
    935		 | 		13109
    765		 | 		13172
    749		 | 		13234
    802		 | 		13297
    245		 | 		13360
    204		 | 		13422
    902		 | 		13484
    306		 | 		13547
    94		 | 		13610
    317		 | 		13672
    645		 | 		13738
    883		 | 		13802
    546		 | 		13865
    943		 | 		13928
    900		 | 		14063
    955		 | 		14128
    753		 | 		14192
    300		 | 		14258
    266		 | 		14322
    411		 | 		14385
    501		 | 		14452
    208		 | 		14519
    450		 | 		14584
    58		 | 		14647
    719		 | 		14711
    285		 | 		14774
    775		 | 		14838
    608		 | 		14902
    919		 | 		14968
    146		 | 		15034
    655		 | 		15099
    853		 | 		15161
    910		 | 		15224
    756		 | 		15287
    6		 | 		15350
    506		 | 		15413
    959		 | 		15476
    259		 | 		15540
    163		 | 		15603
    405		 | 		15666
    928		 | 		15728
    807		 | 		15792
    639		 | 		15856
    473		 | 		15919
    749		 | 		15982
    538		 | 		16046
    779		 | 		16110
    853		 | 		16173
    838		 | 		16237
    44		 | 		16300
    616		 | 		16367
    690		 | 		16436
    603		 | 		16500
    65		 | 		16564
    747		 | 		16627
    322		 | 		16690
    701		 | 		16754
    873		 | 		16816
    929		 | 		16879
    619		 | 		16942
    370		 | 		17005
    936		 | 		17068
    823		 | 		17186
    279		 | 		17253
    43		 | 		17317
    181		 | 		17380
    784		 | 		17450
    353		 | 		17516
    791		 | 		17579
    299		 | 		17645
    757		 | 		17710
    718		 | 		17773
    105		 | 		17836
    395		 | 		17903
    542		 | 		17968
    206		 | 		18032
    285		 | 		18095
    320		 | 		18159
    58		 | 		18222
    474		 | 		18287
    715		 | 		18351
    673		 | 		18417
    163		 | 		18481
    318		 | 		18545
    89		 | 		18610
    261		 | 		18674
    639		 | 		18738
    789		 | 		18802
    485		 | 		18866
    919		 | 		18930
    759		 | 		18993
    854		 | 		19056
    854		 | 		19120
    934		 | 		19190
    484		 | 		19257
    248		 | 		19323
    114		 | 		19387
    619		 | 		19451
    601		 | 		19514
    904		 | 		19578
    917		 | 		19641
    357		 | 		19705
    974		 | 		19768
    374		 | 		19832
    104		 | 		19896
    515		 | 		19960
    579		 | 		20027
    388		 | 		20091
    835		 | 		20379
    988		 | 		20468
    213		 | 		20534
    549		 | 		20598
    13		 | 		20663
    727		 | 		20732
    866		 | 		20801
    453		 | 		20866
    339		 | 		20929
    856		 | 		20993
    242		 | 		21058
    823		 | 		21121
    775		 | 		21185
    352		 | 		21253
    28		 | 		21317
    980		 | 		21380
    285		 | 		21444
    511		 | 		21508
    228		 | 		21571
    750		 | 		21634
    481		 | 		21698
    828		 | 		21761
    654		 | 		21825
    398		 | 		21891
    536		 | 		21956
    979		 | 		22019
    771		 | 		22083
    639		 | 		22146
    493		 | 		22209
    701		 | 		22272
    378		 | 		22339
    679		 | 		22404
    40		 | 		22470
    942		 | 		22535
    228		 | 		22599
    404		 | 		22662
    668		 | 		22726
    445		 | 		22792
    857		 | 		22855
    6		 | 		22925
    653		 | 		22989
    98		 | 		23053
    180		 | 		23117
    427		 | 		23181
    801		 | 		23244
    207		 | 		23307
    406		 | 		23371
    86		 | 		23434
    69		 | 		23501
    633		 | 		23565
    835		 | 		23628
    550		 | 		23692
    812		 | 		23755
    840		 | 		23819
    299		 | 		23885
    348		 | 		23949
    818		 | 		24012
    421		 | 		24076
    338		 | 		24139
    663		 | 		24203
    121		 | 		24270
    716		 | 		24334
    341		 | 		24398
    512		 | 		24462
    657		 | 		24526
    920		 | 		24589
    916		 | 		24653
    677		 | 		24719
    717		 | 		24783
    772		 | 		24850
    682		 | 		24914
    369		 | 		24978
    221		 | 		25043
    214		 | 		25110
    795		 | 		25175
    21		 | 		25240
    420		 | 		25304
    552		 | 		25370
    458		 | 		25435
    841		 | 		25499
    537		 | 		25563
    293		 | 		25626
    390		 | 		25690
    348		 | 		25753
    484		 | 		25818
    40		 | 		25882
    47		 | 		25946
    654		 | 		26013
    460		 | 		26080
    385		 | 		26148
    316		 | 		26212
    580		 | 		26277
    452		 | 		26341
    656		 | 		26404
    443		 | 		26468
    460		 | 		26531
    928		 | 		26595
    358		 | 		26658
    136		 | 		26722
    644		 | 		26786
    481		 | 		26849
    170		 | 		26913
    364		 | 		26977
    701		 | 		27040
    383		 | 		27103
    510		 | 		27171
    74		 | 		27236
    154		 | 		27301
    61		 | 		27365
    531		 | 		27429
    994		 | 		27493
    949		 | 		27557
    823		 | 		27680
    735		 | 		27749
    297		 | 		27813
    659		 | 		27877
    774		 | 		27941
    695		 | 		28005
    312		 | 		28069
    233		 | 		28129
    79		 | 		28196
    627		 | 		28261
    164		 | 		28326
    530		 | 		28395
    634		 | 		28462
    607		 | 		28527
    990		 | 		28595
    913		 | 		28660
    316		 | 		28724
    477		 | 		28792
    556		 | 		28856
    797		 | 		28921
    646		 | 		28984
    271		 | 		29048
    849		 | 		29115
    28		 | 		29180
    780		 | 		29248
    922		 | 		29315
    534		 | 		29380
    193		 | 		29445
    453		 | 		29511
    527		 | 		29576
    141		 | 		29641
    627		 | 		29705
    614		 | 		29770
    437		 | 		29846
    637		 | 		29913
    387		 | 		29978
    132		 | 		30044
    948		 | 		30117
    620		 | 		30290
    562		 | 		30356
    926		 | 		30424
    135		 | 		30493
    444		 | 		30562
    560		 | 		30628
    93		 | 		30693
    433		 | 		30759
    824		 | 		30831
    409		 | 		30897
    909		 | 		30963
    732		 | 		31028
    557		 | 		31093
    907		 | 		31169
    2		 | 		31237
    757		 | 		31308
    286		 | 		31374
    782		 | 		31444
    679		 | 		31550
    819		 | 		31623
    974		 | 		31692
    483		 | 		31759
    346		 | 		31829
    114		 | 		31896
    461		 | 		31962
    959		 | 		32032
    903		 | 		32098
    98		 | 		32170
    697		 | 		32236
    386		 | 		32306
    45		 | 		32374
    668		 | 		32441
    299		 | 		32518
    323		 | 		32583
    803		 | 		32649
    742		 | 		32723
    234		 | 		32793
    895		 | 		32861
    526		 | 		32931
    57		 | 		32999
    655		 | 		33066
    435		 | 		33131
    788		 | 		33196
    563		 | 		33263
    693		 | 		33329
    790		 | 		33393
    320		 | 		33463
    978		 | 		33532
    923		 | 		33604
    350		 | 		33671
    797		 | 		33741
    248		 | 		33806
    832		 | 		33875
    494		 | 		33946
    713		 | 		34016
    644		 | 		34086
    804		 | 		34155
    967		 | 		34236
    741		 | 		34307
    500		 | 		34376
    352		 | 		34444
    138		 | 		34515
    520		 | 		34587
    3		 | 		34654
    460		 | 		34722
    674		 | 		34791
    744		 | 		34856
    45		 | 		34924
    920		 | 		34992
    270		 | 		35059
    101		 | 		35130
    575		 | 		35201
    56		 | 		35273
    889		 | 		35350
    137		 | 		35420
    748		 | 		35490
    30		 | 		35558
    808		 | 		35624
    77		 | 		35700
    304		 | 		35771
    157		 | 		35839
    873		 | 		35907
    903		 | 		35980
    340		 | 		36049
    718		 | 		36118
    615		 | 		36189
    984		 | 		36258
    521		 | 		36325
    582		 | 		36395
    76		 | 		36462
    373		 | 		36537
    285		 | 		36613
    565		 | 		36685
    244		 | 		36757
    287		 | 		36824
    376		 | 		36896
    917		 | 		36963
    31		 | 		37030
    420		 | 		37100
    836		 | 		37176
    300		 | 		37247
    521		 | 		37316
    762		 | 		37383
    707		 | 		37452
    761		 | 		37518
    251		 | 		37588
    454		 | 		37663
    142		 | 		37732
    58		 | 		37798
    530		 | 		37865
    797		 | 		37933
    215		 | 		38006
    755		 | 		38072
    699		 | 		38138
    906		 | 		38206
    824		 | 		38279
    313		 | 		38347
    889		 | 		38416
    697		 | 		38483
    894		 | 		38551
    965		 | 		38617
    69		 | 		38688
    179		 | 		38757
    881		 | 		38826
    664		 | 		38896
    817		 | 		38968
    257		 | 		39040
    580		 | 		39117
    847		 | 		39187
    676		 | 		39262
    415		 | 		39329
    498		 | 		39418
    548		 | 		39495
    177		 | 		39578
    556		 | 		39647
    308		 | 		39718
    427		 | 		39786
    361		 | 		39853
    801		 | 		39925
    836		 | 		39993
    243		 | 		40062
    597		 | 		40129
    50		 | 		40266
    997		 | 		40338
    295		 | 		40411
    956		 | 		40487
    820		 | 		40562
    608		 | 		40635
    196		 | 		40703
    516		 | 		40775
    853		 | 		40840
    512		 | 		40907
    936		 | 		40970
    383		 | 		41039
    393		 | 		41108
    599		 | 		41182
    200		 | 		41254
    649		 | 		41324
    530		 | 		41392
    398		 | 		41460
    676		 | 		41540
    945		 | 		41610
    248		 | 		41682
    224		 | 		41751
    473		 | 		41816
    155		 | 		41888
    883		 | 		41956
    251		 | 		42114
    516		 | 		42191
    684		 | 		42269
    86		 | 		42340
    758		 | 		42414
    280		 | 		42484
    488		 | 		42557
    754		 | 		42641
    575		 | 		42724
    795		 | 		42791
    925		 | 		42856
    534		 | 		42921
    990		 | 		42995
    793		 | 		43065
    738		 | 		43130
    502		 | 		43198
    80		 | 		43281
    121		 | 		43372
    246		 | 		43455
    31		 | 		43525
    672		 | 		43596
    246		 | 		43680
    560		 | 		43764
    421		 | 		43840
    921		 | 		43918
    504		 | 		43988
    20		 | 		44063
    496		 | 		44133
    328		 | 		44199
    175		 | 		44268
    379		 | 		44337
    578		 | 		44408
    690		 | 		44478
    62		 | 		44545
    664		 | 		44615
    447		 | 		44681
    693		 | 		44749
    503		 | 		44818
    552		 | 		44885
    619		 | 		44953
    297		 | 		45025
    828		 | 		45094
    152		 | 		45166
    286		 | 		45235
    620		 | 		45302
    242		 | 		45374
    139		 | 		45440
    52		 | 		45506
    362		 | 		45582
    736		 | 		45657
    82		 | 		45727
    385		 | 		45799
    981		 | 		45880
    641		 | 		45953
    157		 | 		46029
    254		 | 		46104
    497		 | 		46177
    177		 | 		46248
    749		 | 		46322
    824		 | 		46396
    351		 | 		46484
    127		 | 		46556
    754		 | 		46628
    392		 | 		46699
    540		 | 		46773
    769		 | 		46837
    190		 | 		46937
    233		 | 		47026
    271		 | 		47109
    741		 | 		47193
    851		 | 		47271
    567		 | 		47348
    920		 | 		47431
    355		 | 		47510
    204		 | 		47587
    892		 | 		47665
    596		 | 		47744
    695		 | 		47819
    943		 | 		47900
    309		 | 		47974
    430		 | 		48049
    24		 | 		48115
    693		 | 		48192
    763		 | 		48266
    664		 | 		48338
    849		 | 		48413
    16		 | 		48486
    512		 | 		48567
    377		 | 		48646
    116		 | 		48726
    336		 | 		48800
    79		 | 		48873
    595		 | 		48947
    89		 | 		49022
    470		 | 		49097
    134		 | 		49174
    857		 | 		49248
    659		 | 		49320
    366		 | 		49391
    479		 | 		49465
    751		 | 		49545
    569		 | 		49623
    45		 | 		49713
    23		 | 		49801
    923		 | 		49888
    248		 | 		49981
    914		 | 		50065
    518		 | 		50204
    294		 | 		50329
    856		 | 		50425
    826		 | 		50511
    724		 | 		50594
    231		 | 		50675
    870		 | 		50752
    486		 | 		50839
    894		 | 		50923
    718		 | 		51008
    853		 | 		51093
    406		 | 		51176
    95		 | 		51263
    968		 | 		51342
    93		 | 		51425
    173		 | 		51502
    914		 | 		51583
    533		 | 		51667
    995		 | 		51753
    48		 | 		51833
    741		 | 		51914
    5		 | 		51993
    765		 | 		52078
    219		 | 		52160
    108		 | 		52236
    333		 | 		52314
    263		 | 		52390
    130		 | 		52468
    607		 | 		52551
    862		 | 		52629
    43		 | 		52708
    124		 | 		52788
    156		 | 		52864
    250		 | 		52942
    301		 | 		53017
    231		 | 		53089
    480		 | 		53167
    170		 | 		53243
    68		 | 		53319
    725		 | 		53394
    240		 | 		53470
    920		 | 		53547
    130		 | 		53616
    686		 | 		53682
    239		 | 		53751
    574		 | 		53948
    210		 | 		54035
    153		 | 		54123
    106		 | 		54200
    556		 | 		54282
    552		 | 		54360
    846		 | 		54445
    561		 | 		54518
    316		 | 		54599
    64		 | 		54670
    668		 | 		54748
    1		 | 		54817
    678		 | 		54888
    797		 | 		54960
    607		 | 		55031
    540		 | 		55099
    191		 | 		55166
    83		 | 		55239
    47		 | 		55309
    440		 | 		55382
    383		 | 		55451
    277		 | 		55521
    919		 | 		55592
    905		 | 		55662
    344		 | 		55732
    643		 | 		55811
    496		 | 		55885
    615		 | 		55958
    125		 | 		56026
    181		 | 		56099
    205		 | 		56168
    50		 | 		56237
    742		 | 		56307
    709		 | 		56379
    156		 | 		56451
    298		 | 		56521
    260		 | 		56593
    353		 | 		56664
    210		 | 		56733
    928		 | 		56802
    769		 | 		56873
    877		 | 		56945
    928		 | 		57013
    446		 | 		57081
    25		 | 		57152
    886		 | 		57226
    337		 | 		57300
    567		 | 		57376
    968		 | 		57451
    383		 | 		57521
    6		 | 		57594
    703		 | 		57665
    11		 | 		57735
    276		 | 		57804
    607		 | 		57879
    354		 | 		58051
    918		 | 		58123
    102		 | 		58196
    320		 | 		58267
    394		 | 		58336
    634		 | 		58408
    525		 | 		58477
    444		 | 		58550
    727		 | 		58627
    233		 | 		58696
    951		 | 		58767
    24		 | 		58835
    493		 | 		58904
    655		 | 		58974
    585		 | 		59044
    420		 | 		59114
    423		 | 		59194
    461		 | 		59282
    699		 | 		59358
    221		 | 		59428
    837		 | 		59498
    584		 | 		59569
    557		 | 		59645
    403		 | 		59716
    552		 | 		59785
    292		 | 		59853
    760		 | 		59927
    606		 | 		59994
    302		 | 		60059
    35		 | 		60125
    212		 | 		60296
    8		 | 		60392
    305		 | 		60487
    665		 | 		60565
    327		 | 		60639
    50		 | 		60714
    650		 | 		60788
    851		 | 		60859
    493		 | 		60930
    376		 | 		61003
    436		 | 		61073
    795		 | 		61145
    752		 | 		61218
    280		 | 		61308
    450		 | 		61384
    336		 | 		61456
    51		 | 		61528
    872		 | 		61601
    149		 | 		61673
    749		 | 		61746
    92		 | 		61820
    337		 | 		61894
    684		 | 		61981
    1		 | 		62057
    92		 | 		62132
    587		 | 		62208
    292		 | 		62280
    851		 | 		62351
    192		 | 		62423
    945		 | 		62509
    886		 | 		62586
    403		 | 		62656
    952		 | 		62727
    542		 | 		62799
    419		 | 		62874
    631		 | 		62944
    591		 | 		63015
    420		 | 		63083
    833		 | 		63151
    436		 | 		63221
    796		 | 		63294
    268		 | 		63380
    230		 | 		63456
    899		 | 		63529
    547		 | 		63607
    31		 | 		63680
    586		 | 		63753
    597		 | 		63825
    903		 | 		63956
    734		 | 		64044
    345		 | 		64123
    346		 | 		64195
    423		 | 		64267
    381		 | 		64342
    698		 | 		64413
    514		 | 		64483
    967		 | 		64553
    989		 | 		64627
    364		 | 		64699
    159		 | 		64774
    286		 | 		64847
    601		 | 		64923
    913		 | 		64995
    237		 | 		65085
    142		 | 		65160
    684		 | 		65238
    867		 | 		65315
    733		 | 		65390
    103		 | 		65469
    700		 | 		65545
    168		 | 		65626
    898		 | 		65698
    319		 | 		65775
    397		 | 		65850
    148		 | 		65923
    866		 | 		65999
    428		 | 		66071
    734		 | 		66144
    462		 | 		66214
    682		 | 		66282
    819		 | 		66346
    159		 | 		66412
    379		 | 		66492
    241		 | 		66566
    539		 | 		66631
    429		 | 		66696
    754		 | 		66761
    857		 | 		66825
    769		 | 		66891
    118		 | 		66958
    15		 | 		67023
    54		 | 		67094
    70		 | 		67160
    928		 | 		67229
    643		 | 		67307
    212		 | 		67376
    611		 | 		67441
    509		 | 		67507
    944		 | 		67573
    65		 | 		67641
    560		 | 		67708
    463		 | 		67774
    315		 | 		67840
    231		 | 		67904
    211		 | 		67970
    462		 | 		68037
    96		 | 		68103
    990		 | 		68168
    195		 | 		68232
    909		 | 		68296
    23		 | 		68364
    366		 | 		68432
    419		 | 		68496
    402		 | 		68561
    606		 | 		68630
    309		 | 		68695
    182		 | 		68763
    712		 | 		68829
    166		 | 		68894
    950		 | 		68960
    181		 | 		69024
    180		 | 		69089
    4		 | 		69153
    250		 | 		69220
    459		 | 		69285
    646		 | 		69351
    461		 | 		69415
    421		 | 		69481
    506		 | 		69546
    756		 | 		69610
    486		 | 		69676
    418		 | 		69740
    218		 | 		69808
    800		 | 		69874
    648		 | 		69939
    429		 | 		70007
    613		 | 		70073
    95		 | 		70141
    418		 | 		70293
    160		 | 		70360
    3		 | 		70424
    793		 | 		70490
    525		 | 		70555
Le demoró: 70632 microsegundos en insertar 1000valores

