966
4267
763
2734
870
6383
6787
6385
6181
9853
2220
4530
9680
8821
3017
56
6522
8942
823
5302
3889
8767
5420
1065
8020
483
2298
7236
3844
308
7559
1161
4574
8322
3895
5443
1056
7033
8180
7237
6885
399
8118
2916
5571
1134
9323
2092
6428
145
3746
6668
5263
9165
4084
9634
5999
6381
6869
6194
6688
4427
7355
7614
9100
7601
3056
6508
985
7587
3744
7869
7985
1861
7136
9907
9346
6458
8351
2125
2954
2096
8792
4568
7612
9227
4201
9962
5608
7421
6156
8647
8199
9862
6260
3651
7462
5668
158
8446
3254
253
2666
7591
8465
6153
3849
7810
2610
2199
6287
1915
646
1430
6482
4609
657
682
923
2616
4454
3430
1262
2652
3291
3874
6302
7104
9541
6459
5549
9146
6711
4566
3088
1527
718
6937
9337
9679
5487
1975
1593
6133
3404
8074
7093
412
5107
8015
3027
9560
1444
641
8563
4734
866
4865
1837
406
7675
3737
5903
738
4654
8991
2264
1723
2279
7952
1401
7765
9926
9345
249
9682
7418
7342
6445
8876
1708
5824
4787
3152
6464
3350
4237
7329
4566
2426
4086
8592
2514
6340
9329
7168
1682
7945
8890
3960
5896
6643
1725
2174
5987
8325
8207
9757
5666
4651
4984
7374
6826
9771
6877
3289
9472
1113
6969
4037
3538
7406
8980
6052
3746
8309
9571
1779
6253
4812
5739
8500
7806
3815
673
3793
2139
5231
9901
4157
9882
4884
1530
3059
1006
4758
6348
477
5870
9668
865
5760
7074
9845
8163
7171
4505
7733
8949
7109
8896
1039
5608
6702
4853
2633
6846
3344
7863
6746
7500
4096
7981
5381
7155
5339
138
9854
5815
6007
9521
3032
8118
2946
9228
6280
6468
3732
364
5417
840
9260
2807
2799
2313
7660
5431
9158
1003
3294
2255
4854
7389
6587
234
4543
1925
371
4396
4092
2729
269
3475
7199
3214
2702
3478
6034
2785
194
7802
9976
5805
608
2774
8117
4619
8205
3626
1973
7850
2232
6826
5238
8818
7059
6133
7095
3781
6880
1186
6510
7148
4660
60
6714
3713
3537
2747
2849
82
548
9176
5886
7507
1949
354
2126
6505
3979
4098
706
6210
924
5944
1380
4334
8428
8474
8115
1659
6011
976
5159
7022
1035
1872
734
923
970
9934
1005
7869
9109
3242
5375
7409
9948
3852
3914
3926
7950
4619
6488
5225
6914
4219
9558
1693
2692
7672
3352
8702
8647
8510
5723
6033
6733
2808
6956
4054
9093
4312
8274
8201
3905
10000
5609
3852
3852
5874
7778
1801
6845
617
3377
110
4835
2934
1803
3878
6958
1506
2579
5604
6367
4653
7989
3099
3812
1296
7152
2904
5607
5425
7456
9511
5424
9416
3363
5627
1642
7492
3779
8486
4460
7155
8595
5646
89
6749
9523
7046
4606
8453
9001
972
9457
3341
4070
3268
4636
7573
2523
242
9349
6330
6105
1125
5745
5819
6751
7386
9662
6882
2223
4121
4036
7170
9766
476
270
5640
3873
4876
4092
9226
5847
3548
2566
6269
3167
7202
193
5689
3795
5894
8370
6251
7018
466
2069
120
7852
8082
3353
6426
2202
7389
3595
8319
4216
217
310
8089
5092
4401
7314
7290
7948
6231
9910
7466
3432
103
3154
3579
5996
7875
9829
9365
8341
8250
5836
2544
6331
9189
8969
4885
2929
8916
9555
3496
9132
9865
1584
575
617
5249
7864
4917
1480
7774
2382
1263
4228
1888
1193
6575
9762
7374
2291
8102
5623
4478
645
1953
18
5966
3189
2946
4881
2744
6442
364
8960
4377
938
9576
5978
5153
4492
3809
9278
6874
1423
9857
8761
2616
6431
8522
9989
5073
2976
1963
9551
9972
267
9568
5937
3456
8866
7169
2551
1659
3884
1510
2387
4821
7437
8364
6326
1929
2172
5603
5154
3595
5460
3914
2562
8242
8787
8902
3315
8114
864
2865
8086
7482
8784
374
937
7649
7543
9839
5659
1426
1348
8046
2599
8785
6409
8924
7065
4933
878
2218
4879
6337
6131
3792
4579
1269
2693
7893
9383
9908
7109
7468
7389
2244
4193
4678
9893
1735
4516
1903
9513
5864
9948
8463
1000
2709
3738
8064
3993
4615
281
8871
952
2763
2662
1882
383
1706
9774
9765
7965
3234
3584
5353
5477
7777
6382
1721
5863
898
3624
1727
3113
9923
189
464
8983
278
8527
2975
4893
5159
8197
2196
4273
7210
4077
4655
5267
202
772
3231
3435
4355
8584
8911
2131
1317
6984
4346
2214
6959
6072
1678
6881
2613
2141
2216
2890
7019
1542
4134
2177
6091
6329
2801
3300
405
7456
8567
606
8227
8149
392
8933
3084
9303
7416
4401
2638
1761
6614
9596
4184
8292
2828
3148
6784
5043
2390
3803
2937
6523
5979
9027
2852
5132
8678
9608
2587
3596
6566
7165
1745
6957
6097
4828
2611
3512
5580
5248
1624
2194
4843
5808
6837
4023
8955
3620
9065
1344
3774
8353
4219
9753
3731
3422
1236
2409
3029
3822
6004
9594
7338
4100
6551
9786
5280
9161
3298
859
761
4921
9404
5603
7080
2592
9625
6035
2564
5042
3730
6337
9746
7948
6089
3477
1369
7324
5885
750
7497
8240
343
1186
8692
3245
972
3971
8758
4269
4829
9518
5541
585
5120
8973
3176
1097
1359
5739
2490
5088
2076
2235
9388
4516
2063
7108
8192
7947
7857
2040
2539
4552
3226
1230
4148
4197
1552
2905
4817
2732
2422
6709
3316
3894
5681
6492
1342
3391
8582
3831
4831
657
2417
4218
1525
4480
7677
9716
8778
1886
1755
7668
6437
1332
8897
6936
1880
6800
9841
6696
9532
8614
9757
2847
2507
1789
5690
200
5180
624
382
10
1280
9151
579
2804
3630
8255
8871
8759
140
6978
6427
2928
8309
1675
9864
189
8475
6056
3236
8006
4669
9344
7204
3528
1133
9246
79
6312
9869
461
6321
7500
9611
6899
6656
9592
1505
5526
4702
7997
8855
7480
924
3516
9155
7139
56
3981
9546
3291
8338
567
2635
5541
446
119
1138
524
6430
1006
7336
9102
4858
6946
2352
1513
2889
3856
3390
7591
1852
2245
1422
9128
5760
576
2618
2167
4556
2164
5457
9245
9082
4443
4786
9527
4561
2275
50
7342
9633
7386
6443
4490
683
5146
6002
9924
9002
5743
3866
7205
7987
5287
2684
98
5863
1654
8616
6770
169
4073
6015
9250
4867
7152
8776
5780
5778
5177
3121
5410
2562
5916
9899
9597
1061
2252
9520
6414
7995
3385
9971
2333
8671
2654
8783
885
659
7398
4007
827
7822
6373
76
9041
9876
8851
4820
5653
4028
4292
1063
2941
207
7313
2537
7620
5917
8408
4033
263
8144
4003
2595
3167
3009
7729
4051
3667
5127
4409
4494
9300
781
4569
8340
7008
9772
9511
2661
151
3803
75
3091
361
3739
1980
7980
9655
6739
2013
9917
4883
2367
8864
8049
5375
2944
8451
5394
8070
9212
6239
3722
6344
7159
2061
3352
6930
1572
2364
3432
1726
2438
2875
2086
2528
4854
66
2183
7944
8430
8451
2826
796
3666
7226
2523
6610
2029
7916
1031
1240
506
4752
7583
7664
3165
7286
946
1088
9649
4377
2813
8438
7251
4898
966
8456
4963
9500
2752
3392
7950
5577
540
7968
9155
3062
4577
1183
7329
1959
8774
7834
3063
6356
1849
6227
3642
2794
7314
3290
3523
126
1728
7125
1375
9045
5581
2690
8544
4684
2433
2845
260
2972
812
5766
2385
1740
3300
9713
51
2073
3898
3113
4781
5747
9339
8422
4892
3004
8063
8414
3129
6142
5539
855
5186
7471
3544
81
2154
5977
2926
8765
5300
89
883
7685
8181
4182
3749
8231
6255
3999
1343
7387
9745
7033
5808
988
36
222
9402
9516
2716
1292
370
4253
5114
266
4334
3619
2594
3611
2383
7893
3699
9617
1929
8231
3799
2030
6461
6405
6028
4155
3791
2124
1187
5950
9463
7574
2523
5216
7089
5238
6507
3811
5843
7972
4076
6528
1590
6669
138
325
913
188
9941
9194
8419
3739
1223
1231
143
3602
1738
285
2077
9276
6234
1539
6850
8757
3107
3938
346
9613
4100
6188
3937
8175
2715
5526
4843
9204
5850
2108
5744
5791
1301
514
5881
8875
1744
2376
8828
9833
2660
7256
9109
5246
5146
5958
354
8252
6247
699
4217
347
3239
8153
8521
2305
3678
9716
7861
5880
8175
3604
8022
5827
4117
3902
4701
2212
2629
9880
8397
1641
7135
7505
6886
2280
9814
3591
532
6060
641
4748
2758
3879
2900
7631
2536
2929
3698
6748
8808
1872
351
6829
7698
819
7083
8750
9382
6063
8629
7778
7703
2115
1634
940
4394
1447
4530
1277
3859
5171
6024
6616
5401
5275
598
4288
4556
4295
1035
3363
2518
7737
6544
6567
4907
9978
5316
4289
6040
296
8418
3743
8762
52
1034
3156
7850
5564
784
1708
7086
6808
8324
8838
8434
5273
3126
2989
9568
512
2704
2085
8249
5599
8652
3155
5576
319
3795
7967
6967
2213
8061
5728
8616
9095
8883
6465
4658
9667
8173
8095
2826
2848
6932
7611
8120
57
6952
4039
569
9655
6124
5169
5253
1127
8323
7180
1445
2118
5146
8411
682
3207
491
9297
2301
5725
5761
3310
1743
285
1404
920
3132
4687
8531
7604
1096
5482
1642
8016
1488
4117
3184
6740
5243
7858
3919
3040
9975
5416
7802
656
8622
8292
6304
922
4017
2065
583
5759
2349
1986
6679
1833
3025
1561
5788
4120
7042
3781
2135
4881
7898
5318
1620
9492
3175
1890
2531
9502
7305
333
6509
2279
4976
2813
9552
8992
1229
135
1103
9929
8472
4133
1761
1496
5693
3900
5615
9086
7681
7749
3966
5578
9418
1937
5069
8945
178
3952
8446
3834
4284
4954
6112
5611
4118
2016
955
5346
2150
2057
5275
621
2541
3387
2117
8233
7287
4083
3670
1319
1832
3987
6896
7601
5923
8316
6545
2452
2267
4990
6285
2902
6296
8749
4865
413
764
5819
2111
2913
4227
7385
9885
6767
7123
8353
1351
4409
2436
5020
5727
4267
9006
8974
1867
1280
3642
4764
3731
2260
9753
6367
1514
2400
5115
6378
2813
2230
2196
4923
1494
6422
8659
1379
9540
5781
6083
890
6542
8518
2261
8620
9136
1266
7594
7355
8897
7587
2118
2627
9846
1870
8993
1359
4270
460
7736
3434
2689
6283
4708
535
9056
9718
8265
8595
5498
4347
5836
2039
2865
8096
7011
2000
9361
956
9354
8257
8542
1471
7235
4739
9693
2580
6098
314
3039
185
99
2079
6468
4806
2613
1875
4523
7229
470
6372
1576
6305
4763
792
4401
1773
2791
113
2728
8497
4722
1269
6319
1956
2359
2363
4535
8456
9028
3925
4993
9126
6004
7812
283
4968
9686
1157
8549
155
7529
124
2812
8643
915
7212
415
57
3676
9494
4905
8397
7114
7576
6705
9472
9938
7591
4280
5318
1516
9272
4443
3871
7083
4726
5190
6768
2234
3738
3275
6114
213
6086
4756
7479
9649
1522
3888
3324
1015
8792
8073
8128
2719
4777
3952
9009
2367
8231
4326
234
7502
8768
456
4584
9845
5646
7703
2079
5735
977
4544
5948
3414
9300
9778
3062
821
3665
6386
8188
8809
4458
2667
1527
5586
6618
535
4304
4848
1212
4538
2349
6332
4993
3284
6176
6990
7339
4606
2725
4667
9150
5024
8081
4801
4801
1142
5621
4818
3879
160
3626
4688
2827
1504
6625
9444
8391
929
4292
9602
1818
2992
5933
3162
6276
8461
152
3614
9418
9228
4632
4919
603
2712
9719
1755
206
1692
6572
4084
1851
6549
5124
4677
4405
1748
473
2795
9028
4764
8748
845
7755
1033
359
382
5845
510
347
1614
6089
4979
6533
6691
7690
2603
4797
4247
4294
1369
8331
2497
4269
9806
3525
8673
7905
3997
7819
6933
5112
2919
4129
2867
303
4487
9600
6147
1348
9947
7760
7436
1277
644
478
5318
3247
5275
9565
3892
2995
4247
6388
3615
4052
9913
2288
8308
261
6458
1592
5373
5728
5721
4591
6030
6559
542
2176
7907
488
6288
1694
8116
6931
8524
3434
6529
150
2998
421
3144
7244
6808
6758
7647
3072
5397
5954
9685
8207
7546
5057
3934
9618
5999
9964
6176
6540
8491
434
3380
1130
8480
1495
4413
3355
4928
941
3504
4277
1361
2999
7872
4521
6108
1870
3944
7857
7824
3628
6063
1721
8684
6348
1338
4682
6311
3865
1222
1154
651
953
2283
5482
2447
6695
8836
3727
7636
8691
4355
5348
1689
2227
6220
7796
4096
164
2004
8271
3791
8066
9991
2475
4414
7680
3508
7076
7897
1081
4581
4899
2033
6864
6732
832
9910
5567
4558
3897
609
8912
5597
2297
7490
1816
6444
7938
1979
8448
6208
5770
2865
2551
4596
3630
6582
4455
7058
830
5536
1638
2080
3920
4853
8811
1103
1115
729
5660
5011
1337
924
607
9985
4765
2423
2781
2702
753
7580
5262
6522
444
4164
7469
426
7097
1924
7483
4279
3811
5472
6358
4082
325
1521
5185
1439
2249
7196
2801
9938
8119
3408
9922
9236
2182
9054
8289
2934
6633
9902
5808
7077
417
9628
7502
7514
1551
1336
8144
1713
6807
853
5795
3483
2373
979
1273
974
8174
4074
911
2645
3833
7184
8232
6014
6238
6520
5299
2870
6422
7458
6298
6838
7086
151
703
4988
1486
8846
6701
4645
6051
8847
8127
8423
9825
9400
9396
4350
9825
6658
3346
3657
3842
1577
6022
79
8097
1320
9300
870
5130
5598
7707
8567
2100
4762
3554
9938
3607
6606
4582
9657
5452
9060
4432
5276
4811
179
5978
4635
6837
9323
8291
678
900
4312
7108
5348
1984
2759
6217
3465
4708
3923
2031
6808
5036
1936
3097
4995
8542
7678
1003
3993
3089
5434
5621
7900
5613
7950
2534
8801
7272
7177
5830
4523
7840
9289
9870
9823
2047
6086
3287
3107
6361
1669
9914
1396
3605
9362
6390
8498
7039
7393
2490
127
9178
4462
4378
1142
2411
3264
9942
6035
440
5771
557
4631
5059
6779
4454
3458
9216
4092
6564
1928
2113
2829
9676
5717
2190
2417
4214
9228
6161
3055
5706
5339
7517
6436
2832
6279
9699
2774
2313
6490
8544
9222
1120
9955
2352
1925
3412
1567
2369
9975
9847
4481
2803
9522
6549
4992
1938
7114
571
4451
168
2628
6141
4036
9063
8972
6667
5113
1745
5331
1602
6641
4552
9074
6595
6903
998
6
4822
3366
9980
4668
4198
9134
541
746
4125
8830
7859
1047
3280
4379
3674
9420
4766
2737
4744
1432
7849
6488
3115
5803
9480
7666
4876
6074
921
2225
2431
2094
1943
8762
3113
6140
7895
3653
3238
8371
2482
7448
9417
2114
8178
3091
7885
2944
2179
2628
727
6379
5468
3841
2181
4947
7859
3408
1021
5131
5633
3451
7224
3927
2213
336
66
6459
340
9655
4830
9173
7103
4246
1286
5280
3688
9171
4575
5866
8150
1654
2245
3617
5494
777
8564
9704
537
5936
4834
2521
5738
2057
6447
4302
8744
6512
761
9083
2519
1942
8256
9621
6187
5893
1252
6227
1415
2179
2092
9565
3832
688
9533
5677
7817
4448
5381
8353
6735
214
873
2473
8623
7319
3126
3718
182
238
9153
2700
2179
7408
8672
4718
9652
6276
944
1067
8454
3035
6983
2285
75
6515
7961
7891
7315
9693
6243
4049
9907
3467
6521
4881
7137
5999
4950
7318
6236
4102
6370
8415
7861
1393
3132
7513
7668
4075
4931
6121
3461
1913
4757
9887
4779
9070
7777
2093
8762
371
6142
5020
189
9014
9900
7325
1364
4850
4643
7600
5303
7364
2366
3164
8756
1849
676
2776
2275
5606
5248
5735
3870
5
5622
5000
5426
9750
7093
4187
6473
9586
9207
6661
4951
5458
3986
6315
6659
4980
266
1962
2343
2631
5125
7450
4479
2152
6577
6753
4109
1825
8839
4330
8181
812
9329
3606
6914
2773
7792
3386
2358
3350
46
3661
8808
383
9975
1818
5362
240
3779
4056
9222
5255
7858
52
3758
4434
3156
4218
6258
1994
8547
4438
9158
7876
8043
6071
648
5835
5808
9358
9184
2205
3018
4343
2588
9344
6161
7949
5935
6291
8357
5156
1546
6214
1559
1655
647
4714
5873
6905
3059
4419
7694
2216
8646
5737
4638
5646
7923
445
1355
3458
9002
724
7801
1589
67
3961
5889
6001
251
4245
7508
8148
6810
5418
9803
7457
131
2027
713
3189
6445
4758
5405
1443
494
6394
3440
8416
3191
4794
8226
2192
5517
6026
3780
1935
6338
6020
4287
2940
6617
1794
1088
3426
7211
7242
7234
3693
9268
4298
6881
2064
9056
8637
9858
5901
5031
3297
669
4573
8090
8894
6764
9958
4919
6895
1892
7608
9266
6178
547
5882
4323
1634
5660
7885
5227
9245
1577
846
9895
8458
2910
8950
3446
2767
1202
8476
2416
1870
9400
505
7115
6163
6815
8385
9409
8706
5992
8675
4884
6539
4556
5558
4524
6567
3443
9751
5812
5019
6948
5706
9828
9857
1007
3274
8976
2208
8101
1391
430
7501
8247
7544
15
5061
5929
9424
119
1920
8098
1354
4810
9005
6911
9334
5572
353
5436
7735
1724
2383
3440
7903
8592
4446
7528
7567
3005
1981
5309
9786
5833
9907
7330
5847
1320
9610
1622
1438
1529
9719
2791
6339
5076
6053
2024
647
2758
7459
8381
833
9841
8172
8735
8432
8969
6263
2350
8325
8243
4010
8111
427
3917
5440
6273
5236
5049
7895
6673
2929
3965
5815
5619
9040
1867
7642
6038
976
1452
770
1808
1293
8941
543
6076
4261
3157
4778
2586
7751
8787
696
8177
2703
2487
801
4290
7535
8695
7314
6815
9012
9480
2434
4403
7699
6427
441
8674
7879
7562
482
5523
2855
7376
7950
7115
532
2727
9700
4634
1514
6747
2810
568
9233
9962
1210
3119
5009
8523
9934
4020
8003
8719
8422
5701
5145
5214
726
9375
9128
1207
4897
1982
8582
2847
9096
5465
5573
5148
98
3438
1894
9259
358
7479
9221
7919
597
4229
2793
530
4600
795
9248
9373
2847
745
4587
3573
119
3714
1131
1368
2047
6065
4214
7494
1529
6138
2641
7979
5928
887
3589
2637
8365
9161
555
5313
3389
3347
5843
4340
494
1442
3713
9692
8538
4651
9616
8657
4716
7099
6376
6762
3163
6941
4255
1043
3078
3248
9021
5357
4134
8962
4345
8850
8122
4899
4162
7863
4598
6356
2202
1443
4150
5914
1134
2687
564
7102
7695
5279
4200
4070
2040
7362
1010
2647
4756
440
5894
129
5796
6379
9090
141
1580
7211
1391
2093
5073
2340
8449
7275
3782
2598
9540
1268
1636
104
4721
9331
1734
8920
3400
3774
2633
762
2772
3740
1201
8665
3868
3348
1395
2957
9840
2974
6520
7583
5066
1592
9922
9866
5218
56
8815
4758
7675
451
1213
8747
9781
2946
7666
9532
3071
6650
6645
5842
389
7845
858
4257
7545
2252
3565
7384
5225
84
1318
6643
8028
1240
6508
3245
7647
1675
4354
1673
2125
5566
419
8257
8512
4436
7788
1582
7437
4433
3776
7825
8629
4633
8433
2525
6885
8350
9909
8461
8433
7578
5103
6460
5169
7963
6057
2815
9637
410
839
8113
2328
1257
6369
839
5692
508
8772
3128
1292
2547
7305
6273
7180
2089
8797
416
438
5057
8876
8871
2635
331
1682
7803
4645
4090
6970
633
852
7808
8745
3179
9065
1465
369
1108
1972
5492
588
9616
4391
4244
5888
1570
6332
4684
8337
6770
9741
3564
1992
8727
3894
25
6529
4890
4115
9850
5522
4966
7658
618
4496
3074
2082
4864
533
406
6707
1120
21
1097
1715
5908
9018
8047
6943
7354
1168
3035
918
3159
1761
1163
9535
4642
6053
3649
4491
7926
4966
8500
4896
5813
1573
3329
7028
8458
3734
3735
5929
106
4831
7644
6013
3849
5690
2956
7554
6857
2342
4823
6367
4103
2338
5901
8744
4742
5902
9586
2667
867
8086
3914
6680
6010
7243
3707
4467
976
3793
396
1082
8624
8039
3446
8824
80
2753
2729
3288
5095
7552
9654
5549
9889
1906
4292
4630
7807
229
3648
5026
8314
7562
8057
4324
1156
8115
8790
8483
1908
5537
5916
6883
3575
9362
5706
6
8466
4786
3293
3560
8689
9298
5460
8577
1204
9751
9558
9010
9980
9558
387
4645
3471
8443
8968
4626
6558
4110
3108
4817
9646
9024
1699
9573
4737
3756
9578
3202
8541
2871
3114
7230
2168
8573
2158
9723
4676
1716
5085
1007
1273
5471
5651
4743
266
971
5720
6823
5080
8827
1639
1077
7850
9689
649
2586
3444
6579
2140
1984
5801
5253
9213
4320
177
1371
4043
4852
9438
9127
2210
7062
4597
7861
8156
1214
5183
3875
8036
6614
2701
6026
7690
6903
5714
4691
5840
9157
1269
7979
7493
7069
9583
6705
1388
9760
4427
1782
963
3864
908
3173
925
1857
7385
9080
3070
2567
2954
7458
9180
2007
9835
6869
5261
1901
7911
1100
7409
9179
5431
4901
2599
1365
7958
339
1124
2384
2120
8439
6248
9380
7963
3524
1236
5347
8956
657
7913
8261
8114
3444
6619
4301
6664
1879
6201
4575
2979
3609
105
4761
8510
9056
6125
6467
9394
3601
5202
7865
2039
7801
7244
6353
1325
4831
1699
6632
5488
5963
4892
9953
9406
7863
4253
2421
9741
6805
3347
9071
414
3452
3831
5275
8859
9956
8093
8252
9908
3294
2468
8298
1095
6064
4650
8771
894
6348
1754
2733
8662
6645
2686
4419
859
3290
6839
600
6447
186
9670
6860
9989
9853
8486
8847
9808
6578
3450
6067
6223
5917
4364
7317
8332
9013
2439
9226
1712
4192
1958
373
7189
995
4791
8047
637
7981
4998
7083
8166
4668
294
4506
4520
5131
3352
679
1708
6801
6745
7930
9070
7460
1599
7401
6472
389
2978
8183
933
1288
4907
8121
8634
9697
2519
5622
7677
7517
2704
2195
2184
9349
6700
3055
4479
6404
85
2538
3204
3181
6820
8625
640
8418
2378
7111
5158
5355
1645
6090
6642
6551
562
5276
2599
3081
897
275
597
9953
8821
9132
5653
1873
8538
6484
8276
8622
9021
7831
1802
5840
6456
8793
609
5185
2255
5767
539
3899
8208
3533
449
8770
5160
3047
1850
2408
9673
8798
8712
4846
7929
4365
6718
2818
848
4993
1439
9868
9175
9592
2060
1982
8384
2668
7166
638
4786
7705
888
9346
7589
7688
8115
2748
734
6316
5155
6758
5113
3867
1603
9393
4583
4672
2210
1782
9664
10000
8001
5191
9591
60
7172
4326
9080
4338
1315
217
2042
8554
9562
5982
6241
4028
8729
6974
343
235
83
1807
453
1686
1199
5035
6357
9760
6816
2373
9759
4817
7563
5701
1228
4734
6378
6659
5423
7692
6876
3816
6245
2789
9797
8837
6817
8525
5810
7159
8760
2245
8966
5564
282
6516
599
2990
6276
3766
5362
6034
4934
9276
8087
2514
362
4464
9172
5784
8508
2399
9600
1104
5188
5748
9941
2004
4273
5750
5514
9384
4346
4479
1299
4627
7347
1897
7617
3622
2015
9330
6007
3300
8606
4093
5813
5319
8557
1337
7454
7064
3735
3405
8167
8922
9153
8107
925
9777
209
2791
5512
4554
3621
6810
9181
967
5059
3149
4588
7073
2478
595
372
7435
1039
2537
2753
9595
3873
6559
3010
3959
9963
1177
2881
9115
5635
157
8891
5843
2947
754
6749
6568
7564
2281
7534
2622
5429
8474
9694
7906
5420
6417
5341
6458
5305
4445
2405
5529
1003
5414
9488
966
2942
2368
6432
8577
8876
1675
771
8175
2428
7519
4742
9991
9799
8627
2612
5227
3452
8657
9485
8871
1426
4825
1681
6730
9269
4085
8611
272
5850
8098
7589
8792
6817
4020
3720
5692
5694
4490
218
8122
8361
4959
4464
4511
9938
7076
6090
3389
2084
5574
8612
3509
398
6644
6591
6018
7080
5201
2641
2929
3298
229
8072
6466
4249
8143
2157
6294
2633
8727
767
7345
3685
5231
1855
9974
2306
7944
9715
4389
3517
8326
4250
266
4969
840
2636
8400
6040
5276
1328
9337
1857
5752
2154
6105
3894
4310
8750
2878
9388
9517
222
3073
4747
8429
9398
3404
2724
9112
4144
6241
3789
8393
2858
5109
9232
5493
3508
1623
7121
1188
7311
8977
6939
9464
1433
7184
126
182
62
9513
6050
6635
8937
796
1415
8335
551
4139
7446
4695
6731
7587
3087
9588
2695
8671
1433
6203
293
4905
3742
3956
3881
7032
3419
1665
4215
3544
8198
628
3057
4248
7263
8345
1395
5029
6679
1946
9167
477
6640
5897
8063
6078
1837
7109
1100
9621
9663
1393
4525
3404
1700
4757
435
5118
6421
1002
5014
970
1629
4422
5217
5243
2766
6612
272
5797
4909
9438
6273
1548
1687
687
3977
3523
4147
5077
9495
3810
2821
4019
3565
4520
8775
352
5989
1547
1353
1002
2516
2981
5423
4085
4576
4541
7048
1199
337
1956
6988
2961
9855
8674
9999
3831
8548
4145
5259
8042
7954
8079
8412
7871
2598
3538
8222
8587
5084
9574
5940
3952
8906
1363
4388
9833
2255
1435
1031
2591
9742
8019
5551
9596
3044
5549
9778
1592
6045
5037
5985
3999
3115
4397
8221
2065
7934
6442
7003
9370
2367
2942
9673
1272
656
4060
7457
2910
1846
8487
1852
1587
2857
3754
7534
5901
5654
3663
7492
1699
8699
3476
2049
8166
4224
269
6582
8510
6710
3584
7879
9076
2877
7551
6699
3533
7962
507
6442
9807
8994
4646
7745
1850
8399
1630
7750
4053
5292
1593
5751
343
1421
7799
4860
5644
8067
1441
4153
1128
1376
8383
6555
4252
2285
9605
7784
6598
112
578
6404
5457
5223
500
3658
3621
2129
7760
4025
7421
5704
9775
4115
7124
3925
8974
9120
1991
414
9624
9470
1789
4359
2376
6040
6643
1981
176
9593
8444
7105
5996
252
2327
2848
261
2299
1328
8020
6324
5100
3724
2450
9214
7199
6375
8187
2670
4717
4952
8646
4187
3092
3004
2914
5484
5998
1246
5659
5590
9689
2763
7938
6292
1441
7137
6553
91
8464
924
6414
3564
999
8864
2777
8198
5238
7316
7219
9954
2267
5864
492
5359
5219
3406
842
1217
4651
2852
3158
692
5614
1095
3335
3406
8231
9887
3496
3047
811
9910
6610
1809
5125
5738
6358
6714
3053
9929
3019
1672
5792
3511
7030
1011
3268
4223
8579
4270
7074
1736
4961
9039
9183
8296
2444
3765
4534
2291
6811
1696
2200
9772
9857
3676
5510
2566
389
8562
2494
3408
233
4638
3270
3614
5648
2889
7836
578
7158
1261
8665
8471
299
4199
3118
9094
7964
7651
1385
1126
9347
9936
898
5555
3612
2759
8120
352
1320
614
111
7905
5251
3380
7870
7250
2620
2058
4179
9778
3318
2843
8248
3617
7042
1365
2710
1357
5367
4094
8834
1065
4030
9731
6619
3993
8841
1091
4344
6513
8056
4455
4417
3306
4186
8638
6907
6806
695
7437
2935
4013
279
1182
7629
3672
8898
6690
1380
616
784
214
1681
1165
6296
4651
5157
5137
5741
9500
1649
3796
306
2417
3453
844
1054
6711
7649
8101
4147
6935
2113
778
8116
6093
4449
3365
2782
2181
3980
9917
2394
2012
1081
8689
6663
2589
177
8755
8441
1825
2551
8746
593
2355
9589
7999
9066
3589
6099
9564
523
8211
341
4990
4303
1142
4706
3436
3322
8686
3353
2067
697
785
755
3711
3374
7284
2466
1814
5460
1368
6911
6053
3722
2852
4051
9139
2792
149
5055
3315
4711
5395
4656
5365
2888
9362
8800
6209
4399
8504
8275
5095
9289
5382
5158
9014
9017
7623
827
4476
8990
4089
528
9063
6940
930
8202
9732
7430
3256
9398
2140
5002
4053
7504
7890
9766
2656
450
4164
1159
5077
5611
447
458
768
9460
5826
8390
6638
301
3731
727
7181
2793
4018
8110
7346
3749
5540
601
9498
4031
1955
9903
7887
6196
9668
542
6645
3832
8052
1721
5794
8499
8530
6561
4310
4355
1302
7300
4656
1384
4378
8188
4176
8395
6297
1522
8496
8188
8474
7993
8571
428
7895
6457
6623
3915
3350
9620
4098
1401
1340
9891
6251
6222
2803
6913
6928
456
4212
7935
1839
8589
6122
6014
3335
8771
3887
1830
6958
2361
6175
1880
9140
4069
4688
5763
4335
8037
5382
8432
5790
3073
8322
2040
9294
1124
8952
6222
1579
9515
4156
3417
8103
6630
5783
7790
5400
9669
9619
2357
2029
2145
589
1169
6214
5276
3283
548
3313
5016
8980
9102
8088
3653
7493
3734
1129
6445
6307
2707
2311
6814
2476
414
3443
8258
4555
8842
4278
4173
7551
6307
6318
8139
3827
8883
3414
3461
5782
3078
8476
1113
2179
6563
1118
6024
6648
2246
8820
2954
4952
1130
9768
3779
7895
3210
8388
2449
2052
2666
2974
9602
5324
5643
4092
5502
877
7505
8962
3010
583
7437
4123
9113
351
1592
1488
6999
3837
307
9952
5140
1437
6071
8919
5683
9281
3658
8132
7684
6323
7457
3637
1646
3099
7728
7147
3975
1584
2460
6984
8518
9896
7458
7631
6599
5401
5470
3597
9237
5777
9900
729
3565
5971
9647
9247
1603
9656
3730
9286
5979
1186
9274
3976
636
3353
7475
4610
4936
9934
7946
3454
6182
1755
7436
2780
7156
2905
2728
2744
5033
2627
3472
8597
8597
9470
4196
6551
9126
4277
5836
5104
1815
1461
5431
2450
4813
2905
3412
9749
9191
7709
9554
5372
9463
6989
4503
2970
6245
7230
5714
7630
9856
9185
2578
4805
8655
6773
1355
7780
7402
3543
9235
9216
5003
4665
8017
9816
7570
7780
5916
3112
5488
5469
8483
1303
8809
2985
4272
1405
214
6337
9034
6421
5522
1612
1225
528
4736
8932
4659
2137
2474
3893
7704
3828
4909
2073
9995
8830
9852
5910
1941
5340
7730
423
2994
2890
9759
3617
4295
6324
9954
9680
2745
1827
1291
321
8706
2379
9252
3364
867
8077
3608
8571
8257
8516
643
8251
7346
6846
513
9286
8537
4594
6061
1530
7484
5819
5147
8130
2143
1452
7809
4887
9630
5452
5207
8335
7830
811
1698
8696
8887
5305
3618
7143
172
612
1746
7517
7458
2258
6803
5994
6851
2863
3876
686
5033
5374
8815
7175
3177
2976
8413
2806
4779
9972
1140
2608
782
9189
7655
6020
845
7625
3163
1016
4588
1260
4885
2045
9869
1687
4391
6719
901
4618
3757
2285
9991
8923
9460
3167
1898
7872
2324
6676
7843
3463
5635
4976
9003
9642
996
6199
7266
510
7214
1853
1769
2098
250
1637
136
992
4707
7388
5609
8463
9673
1951
3738
5484
1469
1987
9707
3792
5015
3902
7254
649
8877
2608
6642
9872
8806
259
381
2371
8464
8501
821
8713
137
7308
6056
4844
4696
1664
9658
720
3614
9747
6203
5082
1734
2261
5225
6748
6162
2478
3748
5039
1437
390
1262
242
648
1643
8964
9111
6495
9784
4175
6632
7092
230
7827
1787
8245
3836
8858
8210
3583
1412
9643
5316
3672
4867
8415
9834
3696
2162
1224
5132
8903
2485
1725
5903
479
689
5013
6974
472
5540
9957
7563
5769
7783
5701
366
1618
910
8575
1552
2321
8218
3219
2345
3084
1633
2178
6780
147
9753
1911
9049
2237
3636
1303
9068
676
6316
6041
1147
8207
5997
5062
327
131
762
692
8100
1672
9267
9652
344
7484
2870
2688
567
855
1217
3698
1001
969
5609
6401
9558
5596
7704
4977
6271
371
7369
3769
8577
3365
8830
5255
9847
5944
5947
7946
3967
5213
7597
4310
9048
6819
3350
5966
7673
918
9664
5025
1887
1624
1425
7796
7219
5480
2772
9841
2202
140
3609
778
9856
8791
2385
6054
4734
8331
3999
8700
9895
7948
9361
8942
4766
9062
4907
8790
9980
922
3814
8218
2545
1590
6013
9763
7070
5136
5955
9271
1627
5916
6401
7834
4706
8785
3887
9439
3467
7885
4490
3361
2184
202
8654
6949
9264
9912
5738
5595
834
5903
3812
3378
7493
6176
9493
914
1311
1799
6536
9289
7714
9288
7122
2419
4424
7360
8209
7890
1596
9050
7602
3780
9252
2607
7080
4867
2519
2818
461
9704
5072
4272
9433
2564
447
8925
9829
8109
724
2717
7397
4789
8356
870
7208
2780
4581
5416
7021
6176
4466
975
9955
69
3581
7035
4935
2451
6204
1747
2154
1275
2370
1587
191
2816
6863
6371
7276
3938
5439
1024
8727
3795
1893
5934
2926
6473
7701
9946
9000
2166
7272
5307
8586
853
8693
9872
3303
1248
1618
1809
8874
3987
3395
9064
3154
257
1787
429
547
7225
1452
9273
7371
9696
5206
296
2520
9258
242
1520
7776
7513
6826
6361
4717
1870
6233
4372
3117
7850
6180
1990
8189
5926
7406
1342
2534
9192
8123
3080
2768
9574
2352
139
9270
3909
434
1789
3167
7027
3308
942
892
6485
3654
5608
8354
9886
6331
1470
4088
8862
9812
8628
4787
7217
9969
3673
6408
8091
6752
5527
4017
5456
2017
3286
5716
2451
1426
8882
5829
1086
6175
6720
7570
9829
8680
2276
6066
5010
97
153
224
9908
8780
1362
7124
5101
5034
9883
9543
1786
1762
3559
3593
3778
3196
9308
2580
4622
4542
8409
5707
7068
5128
9628
6896
3807
1903
9314
5169
8352
5818
1744
4611
950
3105
8087
6050
8139
7969
1944
6276
6082
5503
9868
9860
8698
5527
2439
9671
6420
847
5377
3488
2327
5005
6735
2485
3259
6048
4005
1610
1866
5748
2573
9167
8853
659
1568
6991
8627
3511
9618
1061
5365
5837
920
415
1363
9710
85
4135
557
5462
7622
2883
6818
4356
5367
76
6756
9372
8038
8621
1471
610
4139
323
1268
5706
3665
6246
9216
3282
7306
4581
5470
4577
4995
3185
4287
1431
7319
4843
6892
4940
4077
61
9295
5795
6489
2402
1518
4526
7374
2989
1487
1512
9663
9106
7217
3328
1703
2785
2961
9009
7365
8431
9937
8711
7967
4223
6493
5285
5417
3385
224
5845
9797
5870
1640
6285
8272
9509
7162
5645
8849
8648
7157
8512
4105
725
1839
5808
3509
1151
1168
7225
5933
1104
2287
3899
1679
8780
9183
7095
8516
5758
2940
8312
1628
931
4597
6251
6791
8110
8247
5640
3110
1755
4151
7214
2480
2341
9373
2340
3491
540
9565
5776
7996
1851
9674
9674
630
5209
6768
5497
966
6059
3809
8945
3341
4757
1547
132
2866
9794
5771
2327
1548
9921
9541
379
8613
5265
2719
8455
2157
8635
4230
152
485
256
9825
7467
5464
2944
2963
2781
9003
3123
1726
8695
4231
3272
8826
3449
9417
4596
5775
7317
868
1667
7695
9480
6932
6765
4287
9088
5399
8516
9239
2236
8771
5415
9702
586
4710
9016
3367
64
8491
5092
8759
2721
4715
7584
6169
4132
2180
1944
7800
9399
3610
1846
8879
6893
8611
3165
2332
361
8032
1570
8948
3155
3336
8649
3740
8046
4017
3458
8109
2507
4901
6867
5227
9616
4451
7748
99
2982
9691
7898
2380
9652
6095
7610
6545
4705
7126
8876
1418
5158
6798
365
4664
6485
5366
8403
4530
5734
8213
8991
8240
3113
2209
9818
9080
3011
7565
9178
5992
3607
3427
4724
3259
9522
2333
6155
578
5811
1382
8347
7320
4531
5064
1983
1016
429
6737
1897
6162
4949
7239
753
8062
9448
6922
3493
2458
839
2671
4802
4445
2449
9525
4055
8322
8209
209
5252
4019
7943
9950
7690
2473
5013
9672
3488
5441
6409
1737
7954
1357
8975
5058
5770
8422
1980
9263
7232
2818
8285
2033
3614
7085
7909
7669
1759
2469
4229
3362
2840
2171
3311
529
996
8324
201
4483
116
6609
2571
4422
4317
1546
9479
6439
6319
1458
2053
3550
627
337
1934
593
3773
9842
8261
5531
8663
8841
8892
1502
7364
8555
2030
8359
3230
2230
9193
3345
5190
1764
7766
5859
3309
7245
8649
5979
5054
701
5881
2033
1037
7814
2625
1161
4008
7237
6692
2670
6077
1935
4171
3440
6841
2552
8150
70
1134
7343
3415
6323
9106
7532
8533
8766
1128
7181
1096
2534
7881
6976
4566
5269
4790
3542
2782
8797
778
9473
7818
3206
7759
1988
2998
952
891
1147
1021
2024
8489
787
4699
3946
8319
3231
9063
5798
6764
159
8331
996
7134
2896
2617
8275
2789
5398
3423
3566
1222
1240
3124
5332
9579
6121
6283
470
7267
7304
2493
2108
4442
3543
2405
9112
6774
1468
4910
9889
1626
3240
7236
5111
2488
9852
3386
5276
5249
6808
5194
6470
4400
8317
8154
3978
4437
4436
799
8055
8091
9644
162
2533
3186
2567
1644
6311
386
6553
6199
8363
6145
3435
3473
8632
9638
3210
259
4887
6370
5452
7708
769
120
5861
1098
4556
6649
1897
2611
4739
1540
9124
7271
1077
8042
5267
7388
4779
8171
9938
3141
4315
3372
2966
9298
9362
2527
5909
4248
8896
7712
8307
6016
7832
4168
7114
2387
7168
5362
1349
1906
3253
6825
5529
4329
4866
795
8068
9645
5317
8006
9137
5984
7729
2102
1633
7090
4629
7541
1337
9876
5253
5996
5892
9436
6515
9357
1822
3682
1070
9523
5587
674
6347
7467
5002
7564
4613
3070
3560
9930
7427
2697
5913
5155
1150
3897
2245
2130
1438
9933
2006
3042
5928
4249
8829
8794
3605
650
2475
1026
6524
4414
1699
9222
1880
3052
6786
6493
2473
6697
2774
9899
9393
5038
5054
6895
8934
3650
9024
6723
3582
1029
6116
5862
5277
4944
4655
5233
1946
7130
6258
8469
7895
4308
4043
9774
7360
828
2618
9832
3876
5391
6083
9621
428
1136
6515
5714
1137
5538
2436
4718
2919
8552
6931
8195
9847
1586
9780
1792
5067
2389
6613
9313
6697
655
9086
4056
7834
8056
239
1709
3446
6321
7681
226
3808
4195
5939
4944
6085
4726
6014
9003
9629
2944
3549
9476
881
3328
7619
2299
5717
4231
1611
2413
1237
7049
2820
5422
5104
9410
3483
8549
5731
1163
5126
5890
5358
1064
834
1442
2142
3199
444
1770
2494
344
1245
3375
3672
8864
2025
5740
9446
9988
4504
7035
7036
7323
2456
2139
6732
5938
7039
8814
7101
8517
1056
8810
9580
1889
6603
8073
1439
7046
9843
3932
3741
7439
3658
7412
2654
2035
3151
2100
2022
7654
5486
9057
1328
7941
7547
4412
231
937
9577
7331
9453
632
2492
5385
8872
9094
3457
310
2491
3299
594
6231
738
4251
3643
9743
2637
3145
1842
4658
7151
3679
66
4830
1620
7612
9241
1850
4901
8818
5532
4353
5801
4375
6089
4673
3468
9546
4982
5958
9196
1927
8540
6285
2530
8534
6028
5166
1679
4221
9824
5181
7900
6241
10
5871
205
9251
4072
5105
4420
5955
5809
220
329
1898
4892
3796
7795
6226
6105
3342
4504
4644
5979
7033
9530
2006
2199
1208
2578
8374
2740
477
4614
2749
2699
4818
8351
6770
6274
9122
2724
2083
5694
3052
332
585
3199
4478
3162
5655
7819
4018
6651
149
1050
6180
2154
9600
3739
4732
4325
6478
1560
8939
5578
4259
108
281
7380
2734
9402
104
1168
5095
9507
7851
2032
9058
2328
1545
1064
6498
5562
7714
6647
2964
3893
5152
2563
3983
6235
3240
6812
4147
8530
2390
8405
8637
2670
2136
7722
8423
2239
8889
9870
8098
6739
1901
7155
5418
9797
8218
8268
1711
2284
1266
4674
2528
6417
3588
6511
9004
6827
3322
3150
5356
2063
7906
345
4732
41
8066
9507
8632
3307
9376
6729
6397
7628
235
8167
3776
4804
6434
5486
7087
4051
6511
5967
467
99
2477
5822
3277
5798
8971
8633
4213
3228
5329
8944
3269
9746
4802
1900
3052
529
4980
5801
8156
5214
3967
8284
6369
6752
3769
9808
802
280
5774
7620
378
8250
3442
6
399
8764
8638
4611
1992
3966
9907
1612
3712
1060
3511
3115
1589
4842
8915
6096
6407
9233
4379
2775
5984
8148
2582
3137
4779
8355
757
1508
2956
550
1513
9707
5665
151
4317
7656
468
575
9267
531
1635
9129
9998
9575
3970
8912
5670
376
4497
6401
9503
480
4548
2084
9969
5678
6791
725
7185
6098
7626
8697
5804
3290
5199
6473
7298
2019
3399
2916
8901
1385
2045
8898
959
2366
4162
2981
2742
8658
9381
2244
5489
280
679
5457
5957
3821
2533
3141
9919
158
8189
5722
9800
3388
8546
7097
1758
1945
12
658
3329
8408
9556
640
774
3717
3620
9867
8726
3000
8462
4214
3279
9140
6023
5587
2961
8555
5079
9231
5065
3267
1304
4864
3006
9850
8312
4763
8146
4675
1773
7826
9435
1328
8465
208
1396
2084
6426
6473
1435
4887
686
1065
378
6708
6651
9690
1615
1729
8920
6679
4996
224
7894
4353
6425
2557
5468
922
7231
7240
8747
6665
4919
3564
3224
6314
1999
9649
9138
3434
4535
9823
850
4913
2883
7501
4602
849
5581
9874
7527
6928
97
1772
1281
2873
4328
6748
146
1558
3987
8892
4575
8905
8807
7798
1570
806
7447
707
591
8333
6881
1440
9597
6115
8940
4199
6963
4521
4072
841
7800
520
8964
9080
9744
3291
2179
9889
1201
6165
5132
5775
1421
3939
9924
9342
4744
3722
6400
5334
2055
9633
6773
8003
5747
2065
2201
9062
2937
2624
6254
736
9495
5218
6168
5590
8508
8346
5478
6060
863
6962
8186
8635
900
8110
7977
1995
1831
4376
7328
237
4008
452
8240
6107
8868
6792
1520
1804
5768
7773
2540
1614
9342
5059
7204
4202
3404
2681
261
4266
9642
8447
2901
6893
6556
7229
8887
4738
7956
2566
1327
8316
3018
5918
4422
1885
9061
5941
41
4828
65
8932
6442
9407
3990
3645
9960
7393
2677
220
8011
8671
8666
7263
1915
1573
4491
802
2663
2446
3367
341
761
2736
2610
1534
973
1670
3826
1013
2850
243
9944
5643
6001
3933
5639
5960
7677
8315
6179
2039
3337
1197
9301
5252
9121
143
2405
8135
2589
5771
4827
9701
4859
7436
7587
5831
9106
1412
6843
8307
1654
3138
3949
7654
3422
9587
9965
1098
4253
6144
3137
3942
3692
8789
9193
9164
8932
1597
7299
7872
3719
2125
7572
8577
5913
1510
759
1370
2922
7601
9676
927
7090
3624
4933
511
9562
4897
7961
3814
7392
7449
7755
1083
6237
3299
6599
1520
1247
249
9391
4966
8725
3315
9894
4637
4824
653
6006
7745
4605
5681
5024
1695
5656
9956
2205
5217
1204
165
5383
8596
3965
3137
6030
202
2788
2628
1721
4034
2876
1112
5351
1601
778
5245
2589
5601
2249
8595
9698
6853
4275
4721
4899
6283
1028
7104
1499
2231
3620
6881
826
7585
6370
6856
4138
9157
5835
5858
9542
8711
3321
4893
6663
4098
6489
9251
6051
5089
4197
5748
1941
4824
6820
3192
1106
7847
6647
2604
77
266
5837
903
4202
2206
4110
4691
7714
6296
6901
7255
1358
221
8499
8020
671
4987
3623
6721
75
7819
8820
8368
2642
5639
1559
3747
3485
8205
2703
9913
4822
8539
7167
5376
7096
1276
66
1161
7572
6966
4767
8929
3539
3266
3301
561
4604
3275
3633
1031
1093
2452
5750
87
8090
3660
3833
7926
8216
2887
7838
3037
7777
5005
4764
1224
2632
4830
2384
203
8147
3503
5484
8037
6768
5136
8597
7723
8410
2229
5105
9502
4680
854
5940
9121
4513
6125
7046
2728
9011
4884
2117
3140
9888
3232
4363
2519
4413
3099
9074
2560
6601
909
596
9720
6044
5545
7442
4453
7773
2547
306
2453
9752
6246
7925
4265
2370
4971
3344
1380
9854
1812
4519
6093
5044
5234
4963
9456
8332
4036
8367
4932
4944
8963
4651
7339
4507
8444
1791
8631
7342
8449
7435
7094
4694
5360
1358
7063
330
1053
4794
6535
2865
5665
2627
7908
898
3941
3715
5581
7977
2082
6864
9272
1044
7866
6611
1902
6309
4753
532
3651
3201
7967
744
4246
3326
8453
1308
7
9505
2454
6541
8721
4470
5519
6628
1719
9459
343
7299
3787
2424
4162
3059
9819
2027
6021
8072
4687
7125
4955
4689
6678
9273
5432
923
2598
236
8583
8956
9741
7388
1848
8461
1857
7366
1441
3575
6825
8135
873
6963
6910
1386
6373
6728
9764
2393
1151
4450
5870
6105
9139
2547
5378
922
9821
4327
1158
8403
3283
7250
5790
5130
2062
3998
8848
9854
7572
2024
7988
4796
8986
4897
6181
5359
7976
2296
4103
5478
6746
9972
1583
2236
8870
6960
9509
8691
7638
7018
3445
920
4267
5587
2402
2681
9584
1249
2534
7156
3272
6874
8303
2257
8122
4484
3967
2450
6779
8070
7927
9876
8041
9509
8463
3263
2820
7972
8305
458
4989
8101
7729
5608
3687
6482
4640
9623
7730
3525
3130
7353
398
1432
5962
4872
5915
9928
7321
9046
7997
5247
8921
2390
1108
7384
2004
279
1707
308
736
3047
8408
4817
5006
8447
1298
9645
8069
5380
3170
1198
9084
9919
2629
5045
4790
8544
1325
2110
3941
5673
3709
9213
4414
4816
2948
6417
5094
4654
6724
2182
7701
1484
6998
9058
9930
8295
8703
7998
26
1872
9195
9110
1790
8175
4154
6580
3070
1830
5041
7010
7503
8749
6223
1916
9916
9170
4685
5010
176
1408
3543
4228
9243
540
3285
9172
5186
1987
3521
5212
210
9067
4321
8352
7242
4826
1283
311
6656
6323
3673
510
1424
6247
8777
1339
5416
3461
6348
1943
1221
9890
6170
463
6781
9455
5987
1967
7793
5859
3530
4355
4926
4202
2706
8519
9027
3988
5181
2034
6662
8853
8895
8085
5099
7672
9424
6867
7484
2123
8809
5056
8365
4979
1871
1497
785
7857
3463
8577
3715
3344
2931
4992
7545
1988
3510
2924
2327
8691
1309
8989
7543
204
3425
8994
4227
2848
5860
8062
1323
1020
3118
9687
2350
4988
7535
3134
9196
998
8063
2910
693
7345
4254
8238
9333
7763
7513
1659
6453
8821
6999
348
5376
424
9341
5954
9623
1552
4016
945
2571
3485
6983
1273
8472
4518
4406
7667
1867
8820
6928
8911
6165
1181
3500
1849
5296
1012
9859
8100
6185
6858
8447
1560
3633
4139
7514
3255
2042
7881
552
965
1365
3886
2237
6188
4755
6642
206
2973
5462
7133
1884
7978
4666
5383
9826
6313
2747
9684
4412
8931
2893
2859
6842
2877
3349
4355
2484
5391
8587
3035
6355
9951
3272
8591
2490
4379
5232
2695
7351
7045
9828
5586
5022
845
7321
1199
7157
67
7235
1568
8997
127
778
5838
3004
4127
6545
1839
9517
1483
4873
5871
7786
4496
813
275
8874
6044
2970
2577
9441
9149
4514
814
6345
1834
2013
3501
8252
9247
1420
7248
5725
8550
9438
5080
9028
2334
6918
8544
3816
8142
766
1601
2638
1578
1876
7863
3973
1197
6791
9765
345
1305
579
6689
9490
2591
6541
7742
1837
4312
1341
3913
2861
778
8993
1888
9463
5910
6783
9631
4052
3900
1231
3041
5477
9458
7255
5802
7006
4046
5566
7350
1702
6144
390
7543
8734
6930
5284
6922
1242
6625
835
454
3754
6179
2342
9569
2088
5476
9199
6139
9376
6781
5531
1204
2591
2786
7005
9596
3183
8923
6946
1236
5066
3687
8778
152
617
4062
3425
8210
7038
611
5015
791
6789
7356
6711
8877
9184
5909
1367
8559
2690
3250
9762
5280
6035
3119
4875
5569
2041
8172
6804
3458
1859
5581
3609
8827
5994
3386
3388
3031
3996
8402
174
785
2110
6884
6013
1293
9145
3731
9851
1834
6980
5964
3465
9366
9082
8339
4934
1122
2863
8089
932
1073
3670
4540
9899
6015
4277
3286
5398
8273
8039
1923
5409
148
8806
1421
1440
4302
1503
7642
6135
8483
3606
9599
7848
9039
4290
9134
6513
3504
7222
7444
4576
7243
8335
826
3258
2612
4111
8655
884
8501
577
2644
8649
5734
416
88
6388
1918
4082
2522
400
7687
8473
4600
6725
9114
3733
9589
2617
954
7032
3544
8197
5367
4369
7806
7978
4831
2812
5213
3331
9740
7856
1979
5473
8271
8419
1860
6540
2500
734
6940
186
5558
7891
3262
1023
1623
2851
3639
8928
6234
3534
7124
1600
7902
1281
5929
2732
4092
7493
6062
3831
1700
4393
5656
6322
2811
3867
2862
5310
952
6153
1847
6509
4043
1460
7531
2017
662
7521
944
3248
7406
4420
4847
5307
5700
7128
8038
9792
4620
452
9974
2672
4844
5629
8993
7654
5848
1854
9315
6799
8006
7513
9660
8400
5324
3542
416
5986
7415
1360
9233
4820
5779
431
127
7830
3910
8164
3973
4882
4967
3947
7553
9810
5927
6545
3815
1774
4751
9481
8573
2756
6993
8232
1156
2317
1773
1571
4654
9187
9282
238
4007
1412
7020
485
9242
7282
8648
3214
2163
9967
7160
9715
9776
9439
2611
9943
1212
7361
9423
6136
6469
2768
4367
3976
1436
2492
1898
2441
8030
1180
9030
2036
2591
6049
2520
1832
3330
7520
1398
1844
3838
4909
1558
9965
4347
521
9907
5559
7881
5682
8046
701
8449
2413
4676
6236
1256
6574
8676
9285
7753
7705
7673
6695
105
6544
4879
3435
415
6276
5278
4252
1184
3188
4217
1883
3708
4123
3793
7940
6156
1838
4993
4604
4250
9668
839
5505
6241
5866
1142
345
3570
8814
7040
27
5357
1918
3461
5772
4545
5090
23
5728
4629
4239
7610
8336
4714
7754
2628
869
9592
7620
1825
193
3639
9015
2050
9880
4881
3191
6576
4802
2004
3615
4828
3712
1884
4640
9483
6428
9730
5858
2156
4358
6448
6117
9046
7513
3871
8025
8382
9814
1996
6558
6
5634
5572
2055
1865
6804
1597
8441
7958
3600
2055
2785
7312
291
3777
3146
6718
9858
9003
5225
567
5451
7694
5964
2963
7916
3988
7696
7729
2335
605
4086
7969
6177
6141
6185
9332
7737
4625
7289
7689
3032
6426
1352
3322
202
4497
6391
59
9852
1616
625
1654
9309
6589
968
3576
6928
5016
1304
9263
5620
5389
3583
1796
7881
9767
7480
1970
744
4768
9658
3775
1193
7361
3448
1394
1857
9838
7804
8060
1453
4781
9713
7113
7721
7033
7040
1000
2048
8343
6614
4019
84
196
2167
4316
6315
9646
6285
7058
4413
2294
832
5606
9654
631
3351
7863
468
7507
2274
8273
2287
8339
5385
6359
5371
8777
7358
3770
7119
3972
7788
3554
519
9954
4222
6833
9599
6858
242
4012
9152
7425
5969
5157
8055
5671
9371
8523
3177
1645
6795
1815
9983
8531
4525
1705
7307
1883
1826
778
2206
9613
683
2724
5919
4904
5909
5517
1762
6150
5880
7265
3575
8200
8773
1629
223
8144
6503
9751
6140
9649
1566
2474
8180
2442
530
1838
676
2355
8967
2881
8319
9650
1957
4237
905
4217
6106
9018
366
1985
2634
292
6537
1407
8273
6759
5902
4775
6509
8393
4424
4426
7218
8955
6868
7747
792
3895
6453
6111
6776
4771
5760
5084
9008
3016
9300
1465
2034
6017
9801
4667
6309
6337
6073
4581
9447
8326
9355
5956
6718
130
6733
3935
9084
9952
8033
6228
3847
4485
2338
6974
9256
4449
2057
4615
7464
7708
6079
9497
3724
5879
4164
32
8568
6588
4612
8014
4914
319
321
7983
6800
7054
8270
5884
7005
6302
8463
851
787
800
4176
6394
5248
6232
1008
9063
3939
3438
8560
7663
9316
9075
4046
7883
5662
5010
5897
6927
1680
2569
1262
8479
9622
9531
714
2979
5832
9176
181
2970
6327
4357
9363
7926
588
370
6989
879
3807
5548
4893
9475
974
8938
3709
2987
3947
5957
9914
1978
8526
7527
457
8147
7057
1170
1125
9240
6698
1306
2210
3024
5662
7924
950
2601
8294
7938
3479
8452
9837
8371
7926
810
3661
7987
3796
3959
3943
61
5937
2468
7587
2745
615
995
3914
8091
6587
611
9396
8796
9987
1409
3071
936
4010
7716
8873
3840
6168
5061
8563
445
5870
2223
8431
9665
2533
2374
9726
8469
4841
3664
7565
1807
4659
1479
9898
1245
8441
5645
6392
8427
7054
9462
5714
1063
7178
938
1254
9697
5998
9816
6493
1867
8390
4924
7884
923
3649
3961
5743
4841
7624
3308
6648
2282
1138
2897
9878
5930
8541
2621
709
5594
2083
6422
3008
5612
7360
4262
5308
9709
429
1800
7928
8819
3075
5811
6093
3075
6123
1835
7916
3746
1494
915
2380
2631
3811
8609
8561
8703
1230
9269
4297
3312
2042
3656
5275
5753
4269
6934
5462
4698
5085
9741
9868
8160
1903
5960
7586
8025
4146
5501
1770
5640
2767
501
4622
6577
9110
9534
5280
339
5154
5928
2
7196
9583
5276
2948
204
8561
4761
1253
3645
853
1120
8156
2755
3431
5742
779
3928
1242
8901
5919
4009
5753
6893
6937
4862
6426
8568
1552
1580
847
1553
8775
6782
3180
8074
6985
1740
9187
8237
1737
39
5708
9892
9146
5490
5633
6276
9417
3227
5176
1688
3587
7281
8580
6875
2142
5005
5443
46
2936
6289
7950
8062
3070
7482
2488
6406
9221
1674
994
7309
8064
6701
7201
3561
2190
2833
9837
7959
2411
1364
5998
5997
8644
4577
2872
7138
5933
4666
7183
5221
954
5132
3282
376
2613
5769
3133
8186
3794
4127
5494
1858
827
9046
5418
9369
8231
1606
3679
641
2970
6028
6638
1613
6956
5861
5102
9240
526
2284
4460
7831
3768
7742
4558
2732
3510
7691
7269
7304
1817
9115
5513
8995
8160
7282
4715
6390
8888
4745
3383
8209
7124
6372
6173
4079
2232
1275
3319
9109
9910
7778
6939
3677
5519
7849
2761
5381
5539
29
9036
3707
9143
4548
9053
3655
1829
120
44
7068
1216
9778
5276
8340
6149
1449
2418
4732
2723
2088
3840
8984
6218
7131
2661
1736
4979
1773
3468
6869
1801
2503
575
7296
7050
5979
950
5231
6098
7345
2298
3666
7123
3926
2005
9623
5374
774
4355
4448
9214
8194
3431
5431
1676
2443
3518
6654
567
6986
3522
2368
5840
448
9663
2890
6427
6964
4472
8876
4308
3121
2541
1430
7046
897
7405
8771
8023
1759
9570
7236
6304
9353
2666
7980
8147
2535
4633
8714
9520
4507
1081
5360
4954
7095
4601
7732
4058
5424
6608
4717
8544
5500
2499
1942
2749
9903
712
771
1661
282
4358
7964
5986
3375
5943
4132
5909
6928
2845
1781
7786
277
7140
2739
7371
8092
471
7780
3515
3430
2497
2058
5281
4995
3999
4381
1249
1063
5151
2909
7696
5860
7224
3681
9234
9519
7812
1495
6446
657
3275
4231
933
414
3321
4656
4857
143
2435
8371
9924
1283
6780
5205
2629
779
9585
3877
8193
1088
6785
5888
3299
361
9568
8885
9879
7379
379
2676
4387
3653
6906
5320
418
6578
6327
5274
6721
8761
9996
2996
6396
6775
8200
9024
7553
4137
2901
2097
1576
6037
7984
4874
6397
7551
3758
2627
1282
488
5302
2020
492
8559
3691
909
5137
17
2534
8209
8778
2529
1204
1525
5656
5756
548
9560
9892
9800
1657
7819
2189
9640
2692
4937
3543
2802
7564
1176
9641
2865
3195
133
1424
6886
7393
2912
6902
9927
1120
2031
8807
2323
3555
4462
8078
455
4022
4321
254
5678
2139
8794
1669
1183
3731
5211
336
1294
2738
9976
510
5933
108
1933
9170
7501
4844
6071
3779
2315
8102
8937
4638
8008
9751
9067
8462
3772
3388
5068
5801
1878
213
3821
3060
3943
5384
3395
1588
8121
9723
8450
405
6182
6734
9574
34
7930
5645
3812
244
98
9101
1233
4457
8851
300
9271
8974
39
4338
1126
8268
4550
4946
1328
4845
329
1074
2784
4802
7148
1233
5206
3330
7967
4780
3363
2248
6776
3527
2491
6873
2627
3724
1329
1477
375
599
6802
6765
1288
7927
5032
2190
2872
2711
3386
9553
137
2521
4354
7284
3754
9559
613
8072
690
328
319
7465
3854
9161
4337
2832
9236
2018
4308
9610
8968
7461
2726
6608
5387
7758
5149
4610
6820
8534
4162
6956
1054
4867
592
1159
778
7556
5582
1467
7883
2252
8932
8088
1413
9620
919
648
1637
1578
6610
6957
9038
5687
9916
4424
9796
5064
9034
6616
9949
9547
9923
7354
4414
514
8513
5191
8070
446
3009
2304
2698
1940
392
4110
1560
1310
1109
9548
2888
4070
2856
8277
9757
2771
2701
9552
4186
8086
2519
4134
3984
2442
1488
4749
2955
6352
6291
7376
3149
9300
9680
5846
1239
71
6307
9150
7732
3768
5050
6971
7837
7905
5248
3945
7028
4300
9849
1213
8737
2367
1699
2720
1160
9538
3821
467
5889
111
7842
5389
9410
3873
1235
7001
295
7541
2502
4379
1308
7551
1349
5497
1808
2948
9441
8835
7247
5641
6399
2335
8008
8097
1407
5519
7634
5227
5985
9874
5337
179
5263
1099
403
6497
4451
698
389
3304
1428
8049
855
2776
3545
9014
2076
9337
7848
9322
4978
4246
8009
9337
8695
9415
4855
6328
4641
7192
6202
6329
3722
1464
3779
4124
4312
4581
1173
1052
7885
2600
9100
5091
1728
8996
4104
3803
8333
8303
9476
9662
8900
7484
8998
7594
3250
204
3922
7890
7395
6475
571
7468
4290
4349
1592
8601
8930
9116
9652
3166
8068
5104
8256
6147
4099
2359
9949
8783
661
5776
8444
9560
9612
7441
7154
2861
7645
7427
7103
1391
3901
7673
8859
8190
8373
6802
6790
3654
2269
2793
6819
6688
4248
1426
2834
8347
3784
2782
7129
796
4910
5573
356
4521
9365
3861
7381
3361
1287
835
4752
5187
4859
9962
9728
9584
3115
2869
3237
1735
2013
6408
8423
6261
7833
1256
959
7969
390
4439
8764
5299
6363
5471
6171
5728
5683
9903
9088
6969
738
191
8507
5596
6504
8234
5179
9618
7454
4768
1353
9467
7527
6127
5727
1711
7382
6685
9679
4123
1123
4795
5773
7486
265
1943
9565
5948
1846
8652
9268
8935
5195
4127
4530
1698
8712
6061
7668
6166
7180
5372
5632
4706
1498
1358
2768
5231
4394
2447
9354
1868
3593
5126
5705
209
3421
5269
6156
5266
273
1776
4200
5467
5902
5081
3516
4613
7493
1183
778
4672
6554
6409
5729
4403
4118
8497
9634
4863
7295
5339
6731
887
6816
8787
1095
236
4056
3603
1853
680
5378
2404
2498
7631
3837
6013
2243
1329
7196
9373
2353
101
2133
8081
4504
6251
6577
489
7465
223
5827
547
1109
8994
9334
8556
5582
3389
2158
3786
420
3887
6190
2917
1517
6378
8929
3759
7706
2476
9483
58
2577
1616
4491
3432
4218
1067
272
1682
1290
2450
2229
8750
1443
1562
7305
7024
1302
5814
810
1721
6052
3351
4637
7568
6080
9917
7679
137
2393
7161
195
1321
8776
1037
1104
9345
8455
1375
1027
9744
3824
9607
4846
1618
7520
8502
8642
8821
668
5803
6893
6719
5505
7881
4287
1584
7797
8317
1720
6541
5477
8266
7861
605
9302
8964
9949
7757
6690
7327
3852
513
3285
5049
2131
804
3551
7124
5976
570
9278
2868
7288
4782
748
7926
2717
4897
6242
4436
1437
8071
9054
9298
8675
4707
4613
4975
8815
1303
8654
2667
1815
1938
4067
297
2742
3969
7420
8717
4538
3049
7937
1826
7830
8684
9751
6898
3580
2345
1334
5017
415
6739
666
9089
1445
5278
415
260
2932
9068
9278
1099
1006
3344
1395
99
3665
5167
5167
8202
8215
3103
6379
2397
1787
2482
9294
1718
4826
6979
3086
5240
69
103
680
1514
1733
7446
8125
4664
6514
7402
5762
3871
7097
3509
321
761
5027
5487
5315
9593
8590
1693
8341
6728
4174
3987
4797
5351
965
7883
6942
1034
4337
7621
8899
6069
5067
7023
733
7932
776
2846
8154
7872
2706
8474
4985
4084
312
299
29
5253
1991
8369
1980
2517
2355
6777
7867
9672
1011
4809
7057
5347
8781
2307
7768
199
9329
8500
8130
6456
7697
2635
4327
6755
7460
9311
838
7772
9609
866
3024
7952
5587
5004
468
4293
8132
8334
316
5494
9494
3724
7192
8275
6030
4959
8473
1710
9810
6603
8165
3859
5589
8844
613
3049
8154
7802
820
4115
5020
3843
2066
606
5198
8885
4898
9681
7218
1566
1526
6712
5289
8718
1338
1319
28
9810
3028
6190
2764
7545
48
8353
6388
660
1401
4541
8461
2220
5007
9832
2414
3424
437
3964
2308
1687
3644
9526
3252
5170
2589
8540
239
3926
9858
6618
3735
9238
2807
2851
6782
2854
1203
3169
9865
2603
4061
4678
1174
9068
4509
3587
2491
4946
7550
1151
2984
7546
7028
6235
9067
9616
1126
5657
9893
7336
2274
9979
6573
5081
2829
9706
4286
4031
9226
4151
2985
3286
5180
4158
8705
9688
4097
7548
985
7998
8698
3968
5543
5725
6554
961
1692
7680
6617
1584
5015
8891
7914
7939
