175
781
958
128
967
509
344
623
924
427
565
718
739
408
463
777
87
365
955
483
641
217
686
411
5
666
430
900
996
431
545
522
211
855
649
529
363
345
503
286
771
68
356
509
827
818
637
913
182
943
395
822
159
433
584
164
98
13
63
445
443
959
319
5
165
319
534
528
663
36
165
434
455
520
294
281
338
931
546
871
873
292
693
384
724
628
899
174
641
313
970
435
623
288
440
788
607
325
667
269
712
831
54
167
703
348
799
392
630
696
262
854
988
306
589
711
934
487
236
926
799
206
360
422
493
151
561
451
827
227
72
539
409
125
57
111
824
207
502
805
903
116
659
890
421
599
952
706
86
188
631
236
393
343
657
237
845
569
688
672
795
759
562
204
235
618
314
59
824
168
215
726
283
225
615
703
824
919
761
909
106
391
144
850
85
153
86
930
721
125
601
868
235
162
71
470
131
736
880
954
903
94
32
537
319
998
592
494
916
352
402
21
94
897
222
179
49
308
108
122
784
60
989
19
573
411
840
703
146
719
8
401
164
39
289
834
37
880
327
304
231
728
325
325
977
898
855
377
557
314
498
341
373
838
711
297
600
550
351
746
620
358
498
783
749
786
617
137
666
943
440
248
23
116
924
351
14
778
727
570
91
577
262
815
766
972
111
366
521
461
463
140
171
960
275
919
97
891
407
114
185
846
714
559
314
637
909
327
767
988
248
209
564
510
24
329
481
486
694
354
299
508
845
469
467
119
739
916
361
497
29
546
342
94
456
655
731
717
333
849
704
581
57
619
442
432
947
274
270
993
627
568
500
472
388
319
942
478
234
303
974
614
200
667
60
655
674
790
723
358
990
426
290
398
44
731
830
343
357
99
687
983
18
538
806
757
856
748
234
441
50
559
407
249
225
466
255
898
607
978
608
596
755
897
993
151
628
174
845
984
624
531
318
993
68
476
749
276
575
982
716
976
540
474
576
117
939
830
14
545
159
973
492
914
870
837
416
497
362
260
832
986
142
501
330
209
976
79
484
902
60
552
877
952
25
452
68
316
634
433
212
144
406
704
57
275
892
824
123
253
83
306
590
224
806
272
785
134
350
620
35
761
171
264
712
548
715
131
863
700
916
426
844
321
481
252
947
372
76
421
977
510
726
918
86
883
189
870
16
538
489
403
651
12
666
362
911
732
845
125
432
760
550
275
432
31
878
378
402
953
150
730
815
875
648
900
757
188
769
125
78
609
527
728
972
544
441
882
275
285
6
706
396
556
332
827
586
210
556
339
514
705
69
328
931
68
579
40
607
347
164
684
308
42
411
279
937
204
161
211
488
166
269
236
721
600
62
658
161
970
997
27
26
417
354
957
484
933
996
442
631
511
126
938
904
888
217
840
91
729
50
931
894
670
166
967
270
579
624
782
900
620
808
926
388
514
882
223
798
229
665
428
91
790
718
994
29
286
185
120
14
234
402
907
256
919
873
525
497
849
658
749
820
466
674
208
979
907
430
776
135
94
555
577
235
624
570
264
909
754
735
922
339
136
181
594
406
53
470
254
253
128
2
73
945
675
280
923
581
709
50
67
155
956
643
741
580
564
4
488
317
90
762
8
577
942
953
982
346
423
236
599
902
237
671
846
264
302
120
196
362
521
263
516
476
257
257
407
821
612
247
489
702
8
848
630
949
801
612
646
575
199
244
476
787
266
673
50
919
792
246
281
312
860
148
139
468
756
546
640
720
792
129
773
151
328
402
451
128
365
96
54
563
692
881
350
309
553
751
228
344
348
860
7
207
359
146
27
115
691
666
186
834
146
958
984
474
359
786
953
76
881
7
638
924
887
339
233
792
90
812
135
437
671
142
996
29
639
22
495
681
39
680
514
185
989
849
658
700
634
962
775
866
968
764
790
207
103
22
998
544
185
484
332
855
977
327
235
615
700
82
295
739
761
160
275
750
8
932
449
993
893
223
859
213
986
648
771
440
21
120
983
205
603
315
411
580
993
997
546
45
78
841
135
191
352
409
940
360
340
740
352
584
314
562
148
651
209
918
91
581
389
425
137
992
91
899
923
84
248
468
128
325
660
614
515
12
22
806
723
713
897
426
296
562
988
796
213
548
65
655
481
454
431
617
445
522
868
719
957
115
538
436
791
198
49
658
561
70
815
635
782
712
60
429
273
399
224
837
299
289
843
779
742
274
747
538
147
966
256
103
80
145
890
871
342
938
880
254
359
694
240
140
405
652
920
30
50
144
218
348
784
61
478
877
686
577
766
832
542
