1804
4047
342
3074
8114
5910
5260
5153
7557
902
5731
2789
9587
6331
1225
8695
5027
935
7258
2363
2359
4137
4058
290
8244
6216
7718
1117
4130
8587
6041
5933
8985
2734
5359
7098
8643
6970
8602
2551
4224
4333
5339
3810
7015
6563
2504
2041
3849
6113
756
2559
6601
4813
2849
4844
7380
6918
2312
1509
5504
4704
3794
4488
7437
5504
7937
2431
8825
6539
4981
3048
7223
319
3209
4237
3233
2064
2629
3434
4528
3384
5992
1128
4549
8840
2323
1928
2109
986
9789
7612
5689
9934
8451
3125
1789
6388
5555
613
9278
6887
13
6500
3557
9573
7088
6790
1637
9716
223
6164
3100
6214
3644
4000
1406
2318
5927
3514
3304
2067
7478
5344
2000
5928
4821
3788
8667
6727
753
4296
3614
7117
7147
7170
6689
4234
311
4677
302
6885
7193
9753
9451
836
3752
7208
9505
6030
7073
9160
8097
4550
4504
6448
6830
9324
236
1848
2402
7340
6144
6015
4456
9642
9537
7496
228
6199
2173
529
3084
9365
281
2534
6552
4032
6093
6056
61
3165
5216
4509
7715
6071
957
896
1746
7544
2743
4147
4883
8886
6514
5690
4880
6050
3185
5107
2248
5357
5635
1683
1073
5915
568
7624
6298
6660
3680
6358
9825
5247
867
3891
1317
8175
4786
3062
5718
7528
7208
600
2766
73
6289
7645
6122
5825
2751
4722
7534
4737
2756
8606
7003
3324
6230
3300
6335
6261
6009
6159
7859
3227
6401
9175
1401
1186
8588
7118
5066
2147
4069
4183
2220
6709
1827
4693
2534
929
5766
67
2017
8522
5024
9019
8197
7605
2318
4531
3865
4678
7042
8075
7905
3442
3601
5657
980
2188
2775
2397
687
3195
6579
2906
9904
4757
3950
8789
2037
9716
5207
4053
4589
230
3071
2785
7835
1740
7315
8051
6417
4356
6126
673
4150
9726
2682
5129
8266
1808
3877
5304
5002
455
8209
1257
5211
8510
45
7247
4577
5251
1299
9165
5481
721
1949
9667
8812
5616
7717
1580
6323
194
8605
472
6272
1286
1952
4537
3093
5828
9840
8094
6282
4400
9351
7844
9261
5747
5090
3838
998
2740
3002
2830
9812
1303
2496
4975
6918
212
6555
3240
6758
5159
64
3029
6444
2015
3917
5888
4195
108
3981
6828
859
9683
4672
119
5430
6113
3956
2779
5205
3310
5608
1368
4612
8103
6343
7881
4666
2897
7472
1423
4407
7535
4451
850
5902
4719
3089
6448
4826
7069
3275
5684
3104
7946
2155
4885
411
2462
7663
5615
5771
3270
3334
6734
1372
9676
4614
2389
2572
8438
3812
6978
2324
4614
4179
4577
9333
7267
1024
510
688
4299
6194
143
8596
8348
5027
9006
809
2689
972
2932
5958
4306
9665
3681
3981
631
2421
2905
5420
6232
6234
7743
7198
6765
2320
2882
4031
3343
3391
1070
3993
5936
1212
2589
4283
6238
7946
1444
5278
5270
727
7587
5927
6743
7619
6259
3725
40
9163
9144
2623
1749
6887
9820
8513
5558
2701
8895
5252
2444
6317
5597
8379
7528
4537
9014
118
8834
6809
5395
4103
7535
9334
29
4277
6952
2640
8002
6991
8154
7145
5966
9902
383
5785
4766
2292
4838
3661
3896
7281
9977
9492
2011
3856
4028
1024
3973
2861
7832
5720
3316
5366
1405
9696
5995
8356
2335
3996
1699
6841
7492
7664
6742
4227
9800
7860
6518
4637
1520
6765
8269
7848
6256
280
1703
6635
7655
2028
5848
5487
4099
5515
852
5503
5210
3198
210
3897
7193
1908
737
1037
5923
3830
5263
5723
1689
8132
6711
9560
4897
1332
7407
7504
7963
5462
491
5617
3841
2690
1103
4291
8204
8307
6145
9765
1504
6354
13
5049
4614
7101
6085
536
931
7699
6258
8971
5830
9321
8531
7078
652
2289
934
8614
4102
1424
4230
4294
4113
1685
4936
8668
6343
1080
8432
7846
3786
4797
9246
8399
1897
5330
5286
9179
3028
1544
8150
5210
7216
3032
8639
7867
1672
9572
2832
2126
995
3413
6419
1459
5097
7707
6478
7791
8786
1262
1989
8923
6058
1234
7321
7954
2916
2607
7133
2295
502
1634
7504
7717
1017
6143
1935
2688
5714
4766
1165
3061
8178
7584
871
9627
1642
7349
7417
427
4962
9405
5702
1019
6991
3022
5324
9906
1980
2456
2200
2481
441
6056
6549
1457
2198
8483
497
4263
9600
1661
3675
7778
5596
898
3756
7237
4598
7524
4016
9559
6929
9717
577
271
9090
5900
176
1070
4708
2375
9902
5148
8430
6451
2957
6979
4933
9805
7594
885
1465
1268
8662
7061
8517
8769
649
3114
6292
1016
2672
9572
732
3248
9842
9822
5500
17
7243
207
8744
7144
1706
3525
3594
1014
6856
4879
818
4449
5763
8635
2068
776
2047
585
9544
2695
50
2187
3711
2722
1759
794
2321
1600
6967
7820
7969
4209
4378
3064
7705
2436
2940
1298
3449
9795
2528
619
595
4642
9253
9015
5417
1299
9599
1312
345
9648
3499
4055
8721
5257
1201
1042
3208
8167
5213
7528
8728
9591
6943
6432
2026
9883
4081
1826
6029
6609
2444
6624
1250
8048
5638
3019
5698
1588
4330
6043
7587
4180
6449
6308
5788
7649
3701
8996
2168
8913
2875
895
8503
9818
7326
6880
6052
7758
5058
2080
4366
3853
8703
1968
1901
692
4986
7598
2279
5667
9992
9866
9847
6441
2525
5634
4089
6225
981
2608
5137
3856
3502
9992
25
7179
6871
6076
4937
1928
4507
5654
5781
3210
7621
4033
3901
8958
7982
2532
4625
7974
8749
823
4414
1273
2808
4854
7497
3789
7462
8985
3996
7315
8976
372
846
2199
6447
2134
478
7305
7787
2610
514
1760
6642
767
7069
976
9650
8045
8949
8398
8867
9714
9670
1675
4567
3518
1815
8380
2502
5810
2047
1478
6181
2892
28
8979
5025
505
6283
9163
3115
3149
7274
6108
267
4343
7083
9916
2387
2383
8313
7606
2096
7982
9280
6663
1499
1094
1394
4000
3255
3440
1829
9435
6331
1856
4765
7707
8713
1047
6870
8179
547
4143
638
813
4837
7721
728
3576
103
9040
1181
2199
3373
6812
5213
4871
4257
6606
5223
7511
46
3403
3297
2728
1611
8061
435
323
5459
3656
4853
2358
4150
5490
3170
8987
9562
3898
2562
9665
2937
94
8215
2662
6905
9779
7532
1161
2736
9106
8671
9133
2509
8319
1861
471
2731
8647
793
4541
2302
1997
6898
2803
7486
68
1789
7048
3965
702
3064
3253
795
7630
5914
7699
3760
9798
5211
6495
5255
233
5628
7763
8551
3840
8233
7633
2486
5377
2174
1139
3725
9071
3941
1211
9138
2082
4610
9454
9135
4025
9059
9930
1654
1324
3980
1765
7473
5543
8259
2728
5775
238
6842
678
4077
1427
8310
2914
3155
483
4052
6880
5906
4345
4442
1395
6426
9051
849
5560
3075
6259
1841
1080
3934
2173
9196
7759
7715
7454
486
3489
4044
3679
4166
8120
5105
8828
7386
8260
9310
1437
5139
5215
2133
5932
6610
8558
4982
3810
470
4408
6420
8662
1839
6705
834
1034
4463
8548
4839
4948
8389
8882
8627
8906
3354
83
7733
739
8342
3395
8527
9832
4961
660
5763
7922
5569
7096
1731
2390
7855
4502
1052
9693
1207
1885
7078
5669
6785
1917
6969
1525
7150
1947
430
503
8381
4515
1241
6723
7909
9768
2906
9221
6779
5021
7143
2347
2116
5225
4737
9971
9727
5788
6015
7285
4024
9445
9305
7160
7713
6273
8684
4862
4571
5466
1717
2952
9980
2957
6026
4240
9076
8931
3460
5854
303
6954
4553
2419
2179
9289
8741
8257
1428
1107
5541
1803
6903
4845
8963
4615
7470
3998
5829
8392
9463
7545
1343
9442
501
3720
33
5929
9003
9845
8134
9305
6798
2686
8075
5328
8326
3167
3584
6105
4274
9124
7908
7528
321
3222
2143
7790
7219
7971
6181
3034
1867
3876
8827
8719
7595
8860
4647
6597
5056
2781
5902
1853
1818
328
7181
144
3495
764
2600
4120
6240
6859
1647
6560
80
3789
701
3651
8111
6881
6684
6329
7108
5510
5048
4703
721
9694
7651
5776
8826
9904
3981
6996
232
1161
3491
3726
8276
6090
7845
867
2949
9491
7426
9380
9632
8126
9382
4094
1359
2417
423
8466
7927
5470
9520
4999
1515
7171
7127
6693
7074
1107
3688
3657
8619
7178
7382
3246
9619
1578
4113
2567
1069
7890
8299
7052
6016
7680
7497
3726
97
7919
8543
4375
9740
8063
9373
7607
1585
2851
651
5010
3957
4338
8667
2575
7867
6048
2173
7485
3978
6285
6404
5046
4174
4702
8449
6541
2381
5945
266
8829
216
5161
3203
6307
3223
8928
265
4807
1778
915
6168
2087
1604
4834
1013
9470
7234
3185
3307
1211
9469
9710
2608
9995
763
1056
6535
3143
3352
3153
8324
9919
8313
1526
6226
7887
6805
2842
9045
8583
3757
5212
669
1712
46
8033
7534
3631
1218
840
4841
7038
6901
7448
7032
7663
4855
9919
7157
4558
9423
5480
4477
7735
7006
7054
1973
162
9895
1017
8744
3
2580
5764
1715
8977
3797
9248
2607
1366
6439
7447
8403
9691
1246
1787
7353
2452
1705
4509
7010
1127
6341
7838
5213
3346
4891
7185
9859
1137
4553
8603
7492
7132
718
9206
6109
866
4805
5067
2231
7595
2514
6986
7285
111
8772
989
2563
6828
5497
5924
4306
1837
3761
9518
1534
5003
3054
1393
2491
3958
6347
9982
7441
3416
5539
9901
4282
6695
4968
2864
641
3833
9849
7925
3943
4972
8913
2857
1799
762
5132
2456
8950
5244
8325
6836
6598
7730
4580
9089
1687
7278
5422
9128
693
961
5380
1326
4007
347
542
4648
4179
390
2572
4474
1714
7837
3682
9864
4950
8814
2320
251
4057
644
7086
7007
8374
8017
6095
6412
5294
1516
1891
2339
8828
7271
3664
2835
7617
4205
7482
8148
947
6405
8973
9012
593
2654
8875
5542
7819
7546
5793
8228
4542
9230
5234
2915
3599
1328
5678
8892
9195
7569
7582
8023
1191
7598
857
5159
1802
4690
3306
9100
1094
2278
8111
8039
1284
3338
3580
9102
883
5724
7329
5424
1306
2562
4690
4904
3889
6720
147
9436
4288
4081
7458
1830
1678
4666
6988
9831
5707
6646
8931
3152
5275
3393
1190
6558
3082
1122
5660
317
6845
2988
2092
4502
1902
6782
5757
5790
3501
5904
1577
4140
6336
9034
2321
8013
51
9308
7843
5757
5953
3125
8909
7580
2870
6450
4137
5951
7571
9796
6267
768
9136
8359
5269
1037
1492
1026
3178
1344
3281
4755
1835
9616
140
4155
7628
191
9814
1822
2299
2119
4947
7559
9698
4168
4009
3834
118
1579
9982
2737
8698
9117
7447
3967
6505
5290
1344
6034
6633
976
788
4819
591
7280
5325
4570
3822
5138
2743
6120
7256
4041
3679
3305
8208
4039
7139
4678
1969
3472
7414
667
8940
1212
985
5444
6501
2328
1477
9485
3303
8617
655
245
5896
5979
1166
6069
1116
3908
2188
4724
4301
2218
8028
2508
6256
1518
7185
8225
1341
950
5243
280
2161
6227
2075
5013
8554
9904
4497
8208
4872
5151
4804
7119
7481
5969
3187
8597
6228
5374
9672
528
3944
4051
9388
199
5569
6572
4775
3261
7522
6369
3541
6034
2595
1967
1047
7500
1870
1895
5707
3093
3398
6862
211
878
2830
3397
5826
5410
5123
5497
2289
9066
9548
1676
5616
1468
4600
6743
1080
2121
3111
972
4506
2058
2939
5552
9557
1160
3799
1616
4253
7196
8477
4463
4425
7659
4212
6603
9420
9334
2099
1708
4751
7998
3384
366
5817
7983
3460
6897
6455
2923
7868
7312
4980
7158
9216
888
8318
3014
2503
2570
6561
7332
3384
7337
1342
7595
3939
761
3280
6038
2468
8030
387
2203
4748
2556
6537
4559
5804
9343
7481
3671
6655
2460
7181
5870
9700
5498
5235
2202
8067
1795
5885
7802
5483
7226
5397
9422
7986
8676
1811
454
3058
8549
9008
4157
1104
5545
8715
6907
4887
6196
6930
7893
5007
4110
3762
4706
9607
5348
3260
4025
7142
9144
1826
8977
6370
3574
8398
707
8602
208
7512
1659
8756
6520
5815
6212
2064
4529
3118
3302
7076
47
1195
2083
508
1308
6788
114
6656
6399
490
149
5543
2316
9125
8264
2241
7522
8970
842
4081
6482
2500
9189
9353
4666
5400
1416
5547
4869
1069
2622
1268
2263
1056
1775
3571
4196
1889
6578
594
8730
6726
6136
1045
5851
751
9638
9724
6073
479
3805
8906
9331
9345
8258
3996
4744
6025
5894
5964
7093
8516
7231
5708
5923
9006
5630
118
7246
2207
712
5975
8932
3199
3372
1134
302
3009
858
6374
3487
1014
1631
9169
6710
9888
9517
1453
2264
5410
3768
5708
277
999
1415
6200
4
3396
6317
7249
5602
3380
3223
886
6579
6594
8371
3232
9602
9228
9605
9441
6593
1235
8609
3302
7474
8125
1106
9737
3535
4874
5444
163
5872
3211
6362
2227
2958
9031
9475
4912
2410
9049
2149
5340
5643
519
8571
1596
6099
4527
1036
2691
5761
5997
2345
9586
473
9802
9322
4007
1027
1118
522
3250
680
6883
5476
9989
2265
4950
4900
4675
351
7048
6366
5993
7567
1289
3940
17
5815
1328
9059
7928
7324
1403
7513
7796
7557
3187
8155
8583
656
8676
1833
1335
1910
7308
1323
4175
8610
2575
5201
8960
9622
7918
1304
3540
9206
5243
3556
5021
2922
2615
2948
6597
369
460
745
7925
9998
5251
6508
653
3926
8340
1987
2187
1999
9662
2713
608
2236
4265
9567
8209
2183
7222
1749
1388
8817
1656
2760
1738
4270
5707
8335
991
2519
9079
8915
2516
4329
5422
9521
4606
113
7859
3144
2112
7520
2209
9071
6107
6473
4990
668
8655
2211
8768
6395
1027
423
9154
2765
1045
4861
7451
2035
3731
2881
7301
2598
3561
9075
2118
4518
9187
9977
7661
7650
3848
9869
6721
6307
6342
1710
6974
1348
3920
5741
7742
1299
2515
6896
415
9911
8108
7865
8297
8190
7097
5598
787
657
4672
9257
5174
210
9233
9186
7860
9432
5407
4580
5738
8100
2641
2711
9447
2912
4803
3541
4210
3670
6788
4624
3580
1247
8840
8229
9436
5936
3826
6574
2944
4849
5830
8117
5058
5062
3655
9269
846
9061
200
6583
7160
2840
5646
2958
5752
6800
2850
9961
469
9637
937
401
883
9776
8629
318
5712
8806
6892
8655
6
9073
3124
5063
487
3130
684
1332
2190
883
7914
5701
75
3559
5010
2178
359
7860
8490
7179
3848
9426
7579
4731
5554
2559
1400
7617
7716
4643
2623
7721
3716
2098
9136
4202
5227
9819
5533
3768
7053
9798
9468
3479
3357
830
2008
67
8689
498
7245
2536
6275
1176
3618
1828
86
1370
5796
7802
2364
8419
1874
2431
516
1009
2984
5743
7179
4868
9510
584
4666
5330
4062
4374
6159
6070
4440
1199
2919
8036
86
9193
5563
56
7373
5649
1425
3168
9802
3788
7938
1675
2571
8454
2684
5554
548
6214
422
6409
6797
5087
1738
7211
9460
4248
9632
251
1798
2550
4638
8236
8094
201
8291
1818
2201
6067
1338
2002
6206
9275
3676
8776
7728
2711
4330
8275
8925
4751
4684
5721
9837
2773
2931
5648
3373
8914
2250
1522
1463
6887
9757
5909
3439
8047
7726
5639
4113
9063
7640
319
8338
7668
5446
2417
378
9775
7044
9302
4525
8079
1375
713
851
657
6360
575
9571
8609
2097
7385
1848
8205
3293
5286
6252
7371
7277
6716
2785
1268
3386
7474
8935
8832
9891
5665
8606
6934
4966
9483
5012
2692
195
2214
9701
2907
9141
9271
7867
7589
3007
9714
5793
2652
1352
2044
22
8628
5112
2806
9895
4849
280
5182
3680
6522
846
8638
3455
2163
8120
4818
4855
4666
3383
4555
7572
2523
177
1791
111
3183
1504
5904
5834
9207
4299
2207
4186
5762
1365
433
611
1644
5614
642
4517
6459
9279
7971
8621
3750
9140
9827
4768
2522
733
8691
1397
7261
481
7859
444
8337
3762
2629
3895
4413
4836
8081
174
2552
8513
7136
547
478
7778
5063
6936
3408
9385
1908
3510
8524
8087
4629
7397
8819
3319
8793
6080
3800
6652
2875
8488
6765
1855
2382
7529
3042
462
4055
5593
5326
1190
6139
5803
5319
1201
9090
5079
6937
998
8588
5460
9084
3216
9209
4254
2886
4353
6685
3037
7356
9559
1524
473
7766
3906
8001
807
719
8407
6400
6045
5949
8890
8199
1267
91
7289
2697
7027
8286
7636
8839
3721
851
8047
4326
89
8751
1011
3125
6107
6921
4649
6579
4686
4906
931
1845
5624
9338
8244
8020
5286
7133
6219
2904
3575
3507
5601
6954
8144
3236
5792
8216
439
190
2541
527
5292
9903
3
1398
6824
1003
4328
7861
5908
5259
9705
7884
948
4300
5903
2585
1433
8473
5488
1359
8331
7440
8312
6474
676
455
4689
7466
6996
3582
4344
2288
3484
4346
37
6659
5349
4365
4520
7608
5975
576
5491
6922
4876
7746
9506
2660
2570
1345
370
901
8785
8682
7374
5812
5488
8415
3277
2484
1996
7620
1123
5479
8317
1159
8490
3665
1875
3009
7625
7849
9936
3115
1122
4811
7212
627
3822
9782
8324
4192
682
7108
9225
4407
2919
4712
2821
6195
3547
4816
166
4669
6647
8482
2180
5136
8499
4054
4496
2475
1903
4431
1941
9376
5594
9153
6355
5767
5286
4678
6310
2319
1785
5534
6725
1055
6598
9546
3601
144
713
3766
1165
3711
8599
3344
5198
3449
7397
9693
2275
5651
476
4216
5027
2421
3368
1381
8187
5005
2410
4497
7323
4194
6382
4047
1600
2979
9944
5200
9475
7009
5317
639
7071
267
334
2269
68
4082
8313
2342
6085
8788
6557
7463
7560
6276
8843
2099
1280
1252
2947
8602
1797
9328
9001
9748
8659
8944
4947
8133
2304
6615
5123
9375
6881
1808
1643
6948
5889
9955
5642
1973
5095
2198
9435
2654
4826
4629
1104
6105
2232
4050
1059
380
3378
59
127
8388
9002
1425
2872
7658
8039
7994
7032
4920
6153
5026
8219
2041
1332
212
366
6426
2410
6152
5432
7235
7133
6535
9691
5716
6937
749
6096
6666
807
2574
5053
6161
3999
7924
170
8389
2269
7201
9660
8421
2226
7879
6813
3557
8090
7178
6335
6851
9682
8118
437
3166
1004
6480
8881
7940
7228
1328
4605
4387
3902
9657
6899
4252
3932
7068
8992
6200
620
8652
972
2845
6530
7785
2753
971
1314
5439
4174
995
3556
4610
4160
4560
1089
9393
2499
4669
720
3456
5407
973
3112
2305
1576
3396
5724
568
9595
6343
9219
6919
5539
2100
4703
8291
3070
6016
3730
3595
3363
3637
8205
3874
8196
5645
3266
7047
6665
338
502
2071
1310
9965
727
2886
9712
2802
9805
9307
9144
9023
2577
4682
1122
7279
9325
543
9646
9406
4138
3008
3042
8694
6882
7590
690
6499
988
3707
6836
7841
5777
4498
7805
2856
3735
7517
5657
3539
3175
1153
8913
5751
2186
6386
9381
1510
3280
9026
7267
3769
2034
6661
2462
5267
4250
9504
8117
1589
3210
1305
9429
5338
2154
3585
4545
5888
7453
202
5778
6979
7706
1042
9081
9891
7427
8461
7753
706
7487
5019
4475
5872
1679
3288
7490
2280
2791
1958
3868
2352
3262
3296
7690
5415
3233
2234
7654
685
8787
3431
7664
6492
4472
6744
2735
8250
1557
487
5308
5395
5505
9782
1266
3536
9421
5107
5815
8564
7064
6035
915
6678
9330
4956
2092
8914
3542
9746
9599
2328
9528
3614
5172
352
6709
7906
8601
8265
4744
3908
3659
248
41
1276
3783
9462
6382
5950
4377
9798
1984
1643
6475
7665
6599
4918
6579
6492
4663
6177
5171
543
9790
6694
894
6498
4599
9494
1115
5694
9754
4773
5942
9794
2401
6076
5607
5134
2025
6335
4931
4008
7978
7757
1673
928
2675
8251
7419
3689
779
2589
4231
6920
9283
5124
9769
233
970
883
5927
723
2008
8220
6868
4408
4295
2475
9541
2672
5161
824
6679
3138
8580
4703
4065
1254
9305
7835
4943
83
6776
9173
3354
6058
649
3123
2642
1618
357
4920
2340
2364
3139
5559
3123
3786
4385
2664
6457
9546
3487
9487
2683
2066
4190
3100
9672
3494
934
4614
9929
4061
3786
3282
6470
4434
6404
9112
2403
3113
383
1094
5476
9874
6653
8599
3659
1037
7614
6467
582
7452
5953
3265
5869
6494
2716
5540
6340
1
6505
6268
4062
6643
5901
531
7428
2305
5994
9831
1769
6377
924
7244
6250
7576
2194
6260
8613
6159
2726
5546
9962
8678
5162
5831
1524
7877
7722
7863
7878
4227
4130
8291
869
30
8821
8296
8686
1167
4478
454
3895
5402
4050
144
2977
2595
2755
7941
8754
5480
3487
8715
509
8648
897
2032
2877
8619
6246
754
9197
375
5396
6417
6757
568
1064
1794
1734
5542
8600
5628
943
2649
2123
271
1595
4877
4564
348
6708
8050
5415
3569
3049
6311
5600
5925
1281
1846
3030
477
8572
8425
3245
1680
8993
4309
3474
7078
9850
2073
9058
7144
1073
7532
7414
2667
2409
1977
9367
5468
6378
1133
9036
9427
7443
988
5351
5076
2833
4733
1904
7756
3157
5149
9436
8501
9457
9261
1931
5658
7685
988
2801
8757
8519
6566
7775
7279
8543
3493
2747
4920
4625
8134
698
8420
9121
2401
3495
8305
7133
1750
6061
6641
6898
1848
5142
2706
1108
3424
4715
5144
4411
7515
252
9281
4081
8026
2912
8975
7871
2010
246
2495
143
944
7266
9264
3344
760
7568
6828
2510
9980
3468
5759
8179
4961
4817
5638
8384
9531
781
2794
7046
1032
8427
7478
5410
1338
2804
9632
3347
3049
2126
3489
344
5744
9104
39
6503
3024
6866
5364
9355
6686
1123
7534
1646
2291
9523
30
1821
304
9175
5218
7687
7601
9047
9448
5290
1850
9079
8636
1251
7557
8477
7946
3300
3932
4337
6154
6955
1202
1518
6310
7887
8992
195
5885
1282
9717
5914
9454
6372
5088
4672
411
9041
3718
9858
4330
1920
5289
9318
3170
2845
4146
7467
2496
8077
1803
8649
1384
3005
6518
4045
7243
1861
4239
3127
3142
307
5392
8948
3031
480
3619
3441
9520
7336
3298
201
9255
8586
9518
8776
7782
3663
6243
277
8092
8045
8926
9475
7401
1795
3519
996
3656
4109
474
3149
4415
5866
2096
7445
2697
5714
885
8568
9402
535
8768
5008
5472
4638
3784
3254
4652
6378
9882
2743
774
5159
2217
8175
6954
5735
5522
609
9843
5995
109
610
8212
2205
4406
908
7918
5291
9475
3671
2177
4595
8679
4000
9232
8814
3605
3883
5191
3487
6626
2316
4997
5194
6842
1950
7281
2363
8910
3475
4710
9019
4084
2921
7575
8490
181
1844
132
6007
5515
8660
601
4193
2659
9832
9358
6264
67
900
6102
6692
3215
1098
8237
57
9400
5517
2419
8309
5344
3480
3679
5779
2753
1253
620
2933
3097
751
8939
4963
5762
5892
5507
4773
5723
4864
1036
5789
5763
3489
8832
8977
4586
3421
9033
3985
8937
7804
8646
632
7635
2324
6411
387
9929
7030
9671
3025
4133
8610
7987
9894
853
9845
4666
6575
4708
2053
8716
470
1893
3899
5798
6479
7319
1183
6815
2608
5338
5460
3239
2972
7784
9649
3359
7712
6679
9381
7088
811
4342
1426
7056
5194
1270
8074
1769
2329
6478
6836
2798
8371
734
4947
4849
8053
2481
1663
660
7818
7123
3898
790
1258
3547
500
5321
6577
9880
8760
7387
4222
185
794
9415
7806
8867
7535
134
5345
4370
9283
3715
1456
581
8563
9508
3062
6577
167
879
51
416
8020
7660
314
4871
2980
6890
1103
1739
628
1676
8275
1422
1090
2432
288
4977
8917
5632
5698
4551
5698
7153
5132
612
3012
8193
7189
9530
5423
3591
9946
3443
1251
6611
8313
4230
3501
5767
2321
480
7442
6947
1901
4884
5731
8541
9860
4647
4172
1909
9198
6222
5414
4329
6833
8425
8873
4021
4307
4295
7612
604
4089
8862
7214
8754
9443
7066
4520
8115
7546
1962
1414
9446
6845
7144
7986
3056
8142
8510
4964
7339
1083
6729
8019
7915
5154
3243
1936
5812
7538
5899
6415
1626
1112
3628
6731
6906
7046
1251
5021
4591
3212
6434
388
56
9929
4726
3111
8070
3235
4426
1761
4317
1155
9779
8583
2660
9374
6870
8471
6911
2768
1237
4888
231
4864
1619
7137
1909
9221
8509
2851
2432
4942
3239
8839
1222
7964
8301
9291
7550
9078
1051
8218
232
7182
6800
9243
6555
3670
7713
9817
6437
8949
1056
3020
165
9026
156
8425
8246
8664
1276
7029
9957
866
5867
7530
8829
519
6820
6378
9597
4223
947
9828
7756
7746
5423
662
1415
9487
478
4204
4788
7885
7223
1304
6911
3730
9728
5156
8745
7355
2185
5053
8220
4403
2582
3400
4922
5753
6129
4518
9975
7075
697
7730
4821
6119
4743
2587
5606
5220
6790
6745
3105
364
8048
6367
4093
7775
1522
2837
1482
58
7889
6053
4461
6822
5805
5734
2575
1933
251
8901
5360
7299
2983
180
9770
7725
9118
1727
9297
5908
8471
2401
6271
6518
5119
6716
644
2992
9552
8477
3050
3793
4530
3862
6966
6686
5947
9540
8618
2549
8441
329
9847
1423
6860
9616
9147
5978
7694
8443
1885
6164
7195
4507
9033
8665
7574
9677
1657
3478
4505
1058
7270
5386
1271
587
2071
7217
127
7041
9765
4919
7369
9611
6341
4229
5579
1839
206
3272
6634
8442
5788
180
9300
4820
8845
6874
848
6853
351
5353
7910
3972
738
9180
4558
2809
6396
1036
9849
6160
5954
7217
2122
8646
7797
7700
485
8002
7324
3470
2795
3111
3649
8447
7930
8845
5320
8778
5697
2022
4130
3606
5993
4867
2785
6902
4027
5532
7938
3875
1691
3891
7444
3813
2537
1592
7864
9373
5946
5187
2842
8740
8297
2842
7186
2579
1687
8857
1356
3735
878
1837
3693
3222
3055
2829
124
7082
8361
8061
7308
6403
1951
1103
6567
4487
2695
783
3859
8640
5969
3052
3731
618
5894
7269
3196
3932
2477
903
4018
3355
2739
7710
2928
2145
539
3051
9226
5251
1111
6534
1653
9414
3988
4572
3900
3034
5354
4111
1673
7674
7162
1756
8291
9407
5376
7838
9690
7852
5092
3708
7558
4182
1417
486
6327
8307
9888
5552
3557
999
8437
1562
412
8777
2485
663
1810
7838
1125
9835
5511
4639
1590
154
4045
3317
7991
3735
7520
3083
3794
5078
3616
5210
1915
9942
9869
8154
1846
9777
5504
282
1338
2267
5410
3822
9282
7220
8011
406
7054
3522
5044
8643
3675
5441
8311
8017
5527
5830
7451
9320
7259
1067
881
5525
1008
749
3679
9205
526
5534
5839
8215
7801
1248
2037
7082
8467
47
7487
5520
9920
8883
514
3594
4323
8824
7963
6201
1006
5413
5520
8264
6479
6400
141
3839
7149
171
3043
4026
5704
8881
2240
3504
129
628
585
4947
7027
4424
467
6946
9658
7332
6892
332
2508
4854
6532
3513
266
2051
8128
3097
4802
8268
6935
8302
8438
6329
2327
4142
5210
4567
3997
1690
5194
4582
2988
2220
5357
3454
9166
5014
7138
2409
5345
9645
7262
1876
3157
3879
278
7636
6975
5079
5904
261
3381
693
6590
2059
4834
8151
6625
8831
6192
1819
9764
9179
390
1472
8985
5907
6485
6122
8315
8181
5766
1928
6408
5274
2159
6685
9261
9133
8115
5164
5746
7847
5857
8687
9906
7042
3189
2882
2224
9380
4700
8339
4910
1442
9810
246
7348
2646
6367
2015
826
8484
3942
7233
109
6100
269
9370
1585
4736
885
3682
2582
3093
2368
8839
6487
5556
1721
8710
1287
2772
3401
2548
4213
3210
2794
7913
5856
5512
9927
3033
348
220
6618
456
2672
6886
6177
4256
7973
7062
7937
6907
6506
6656
5745
2992
2211
3817
8054
9849
2941
1454
2396
3505
1015
5189
1417
3222
701
7695
6255
1048
7915
9224
7855
586
2461
384
1193
434
7445
5481
7340
302
2136
9436
3294
4346
3253
7699
546
2545
9152
2941
6049
6518
8130
3818
9740
5182
1512
2346
2581
5778
1569
435
2715
4029
818
3907
4462
4614
5739
8153
1268
7874
7589
913
8571
7193
8611
9116
9737
7762
2057
2137
631
6538
5954
370
1719
3818
9067
651
9595
6987
7437
2310
1016
4607
2568
1829
9220
4659
6334
6839
2532
3922
7751
1103
7466
6361
6570
7202
474
8626
5690
1105
1515
1644
7826
9585
5461
6893
235
1407
231
7672
68
7598
2278
8988
5779
7849
3646
2112
4688
6177
2385
2438
3631
9850
5151
201
3403
5624
5178
9092
3080
6693
7087
906
6277
2547
4150
2864
306
732
535
373
8330
2812
9360
4108
660
3005
6219
1699
5534
4955
489
9164
4804
5639
5716
4558
7614
7246
1
694
3938
7088
7951
6566
5986
8452
5781
6291
9183
6315
6664
7512
5478
2375
1619
2490
5380
4189
4188
913
9143
4676
6428
298
6666
8496
4855
4280
5741
4856
1325
6030
8295
9275
8947
4280
7726
4728
571
6908
1042
3586
4420
6520
5960
2390
9009
1339
2931
9548
8603
2073
576
1383
8723
7241
9878
9929
7872
5618
1136
9196
1647
9430
8470
593
3710
2547
5320
632
9455
2714
4217
226
9233
176
8967
4593
1515
1897
4140
6469
322
1067
7851
9044
4660
7728
8972
2531
9697
6460
1727
7695
5889
6548
8288
9598
9095
9959
229
4901
2672
797
1478
8256
973
6796
9200
8839
5045
9692
5307
5366
758
9510
761
5417
3589
6084
7948
3286
2543
6026
7332
8432
8925
5619
4381
4371
1930
962
5623
953
1758
3452
5561
9082
248
4760
7920
5292
4451
9579
7009
5209
9088
7769
6977
9028
3852
1276
8665
2747
3653
5997
1178
2578
7967
1910
6948
6248
9223
8923
7201
981
2374
2761
62
2621
7520
4334
4264
8323
3912
1272
9883
9351
5392
6859
8378
5596
4487
3395
8342
8139
9391
5871
716
3709
7780
4016
9957
3355
2938
7157
4335
1663
6269
748
636
140
5081
4899
8462
5344
2523
4696
4694
7914
1555
9424
3509
2393
2818
1850
531
8560
4072
7599
2268
8204
1614
2224
1558
903
5732
2244
8917
2000
2991
9552
2140
4424
4451
6953
6119
6973
1649
7165
1238
9555
6588
4747
1947
5757
2948
8829
4316
7020
6427
2935
1575
4392
5159
3132
1646
890
5375
563
9242
4717
114
1381
5492
916
4685
7963
4240
6333
5127
5478
2239
8066
6576
537
174
5875
9366
4489
9246
5792
3775
820
6536
8933
3951
8181
6175
5677
5095
5416
6746
1561
3148
2237
2476
7832
199
3068
517
1677
4897
2755
9742
7824
3292
9915
3698
9009
755
2944
4800
4530
3763
7687
9814
4066
5868
5988
9742
7314
7755
6487
8874
7254
5076
7702
5086
1626
769
1954
9655
2017
1060
9396
9840
4351
5663
3537
9711
2769
6480
863
3650
6595
8549
9816
660
768
2155
6753
8082
9910
9592
6955
7163
4667
4656
8600
2644
1776
553
2298
3792
1613
8046
3631
2315
60
7168
2026
2828
9999
9240
2830
2945
7788
2645
9956
8556
4799
6709
2989
1060
2652
9943
8223
7318
951
3174
6313
2726
3727
4963
6518
1691
3008
6500
357
9419
19
8734
8598
18
7973
1427
9314
2113
423
9270
668
5222
2330
3656
6281
4981
9950
855
8650
900
4029
4962
9978
4107
6276
6495
2149
5635
2994
8857
5053
3013
7591
3651
9382
1915
1429
5047
4027
1852
4316
4694
7073
2997
4701
9705
7977
1003
6912
6626
8254
7292
7940
8231
7750
4215
1077
6250
9850
423
5106
4902
9787
9048
4904
5520
963
6333
566
4989
8184
1234
6035
1608
4230
7087
7664
2207
8089
927
5184
6343
8218
3123
925
2319
3690
2002
8568
9891
2424
3674
4792
8562
2721
6048
4081
35
2380
4646
5024
6915
5879
7410
4874
6461
4496
2537
8667
8937
9816
202
1631
8033
3325
2555
352
3366
908
5271
3256
3331
8944
4399
8244
8017
446
2324
8051
9177
3322
9426
2443
5552
6835
7316
2012
1331
6205
7030
267
6020
7232
1897
404
6908
803
7107
273
1711
2378
9880
1393
1321
4278
9637
5689
1076
1960
3740
252
5281
9517
9047
7185
6352
6362
9196
7682
8918
6226
4300
1289
9809
2548
1693
6716
3350
8799
3340
1412
1176
3219
2805
8849
7496
2441
4537
8571
752
4628
5175
2385
4145
573
9569
6848
6934
8764
4529
2204
1341
5180
3492
1149
4079
1536
7864
3780
335
1203
5192
7862
4421
7996
6710
8269
436
7599
3191
7539
8578
8365
9923
2722
8937
9491
9569
2223
8255
449
778
9595
1980
4269
7096
6058
2157
4959
6190
2491
2514
1381
352
6934
9376
3414
5202
6163
1012
8393
3701
9589
3109
3624
8663
8398
9466
4583
6972
4072
1384
7749
3667
9715
8369
762
5773
525
2072
1962
9367
4585
9694
9719
7871
9069
9484
9424
1583
495
4168
1635
6435
7277
1610
1449
2026
1076
6032
5349
5147
3767
3097
5165
3481
7817
2278
5605
8342
4350
7566
4060
5286
3611
130
3156
9031
9613
2580
613
6459
6747
2248
2894
375
3857
694
8752
4932
6725
4100
6431
6843
7196
1595
324
1365
3873
5928
6058
4574
9846
117
6211
3456
247
9367
2487
6211
8298
3099
2670
1396
1698
1915
1771
5555
2608
6874
6838
5685
974
3268
2527
4521
1215
2850
5885
1439
8778
1942
2364
4975
8411
8574
8430
8657
7940
916
4867
2589
367
3888
3985
2064
5802
2107
3970
4762
8980
7160
6798
9953
6779
9324
4474
4345
8526
6710
5783
3655
8652
8146
8629
3414
6720
7058
2070
1011
4326
3288
3600
1044
3528
3936
3107
5681
6042
3429
442
5021
6940
7239
4974
3718
2915
5799
8063
1440
2508
197
1446
7511
8343
74
924
1414
3483
9345
8776
7808
8985
8727
8851
2512
2662
8310
8192
8703
8090
4986
76
5029
2224
1401
5098
1490
7199
9512
9281
6058
9709
726
3569
4403
7151
4492
5816
634
3837
943
4793
2821
9670
9996
1684
8683
4657
9875
3738
2746
4860
3813
4126
3436
5213
9223
4925
8763
8735
4206
4820
4795
1283
8388
9197
8434
9232
5012
5419
9420
2306
6563
8592
1975
6558
275
658
7566
149
4395
6663
1361
4559
788
4796
9771
6363
6072
4885
1449
6629
9704
6243
7912
4444
5439
2697
27
6802
8115
9446
9107
1029
8037
7434
3939
8311
8091
1504
4811
8837
8167
6171
3395
5306
966
9517
1668
7038
4401
9468
3666
456
2062
7929
1251
7500
625
1277
653
5091
7074
6112
6120
1462
3545
58
9772
7987
7913
935
6823
6079
7105
6569
7737
4423
6085
5756
1460
485
5224
1477
7292
7285
5758
8543
1137
2734
6171
8141
4177
9597
4252
6648
1058
4148
3057
7182
2134
969
8116
5308
3400
5220
1876
1136
9642
7960
6891
7453
4796
8466
5282
8440
2103
1039
3334
9591
124
5856
7731
4300
5452
1983
947
6510
2482
4003
43
4616
4972
8158
6275
8371
9729
8151
5858
5723
2462
9100
3175
3610
7566
4808
8401
6020
2198
1734
5610
2322
7589
3340
6621
9393
1674
7568
2254
4156
1570
2296
5123
2893
453
7749
7615
181
5899
3472
5903
4713
8924
5430
4674
6489
237
9426
2508
8787
1159
4469
1108
5099
7808
7728
843
9482
5295
3096
9989
3217
5391
1463
6109
2195
9211
76
2376
1462
3547
4630
2526
8822
6411
7199
5310
3000
2976
4169
1786
4134
8637
2893
5584
2797
6972
6427
8630
2267
5874
4970
1835
1265
6432
4295
3459
5642
4370
2186
3455
4269
3168
5980
3090
9578
9530
4752
8929
2505
5272
714
2990
261
9958
4926
3057
6930
1352
8038
5548
3577
3007
7382
4841
5790
8028
4652
7783
2398
6837
1238
3018
4
3569
2459
5934
3099
7210
4862
1955
8834
5576
4945
9094
5533
9870
8502
8814
7573
6539
4361
1149
5897
8094
5990
1686
6122
6993
9468
4871
3829
7057
7888
185
626
346
6118
3724
3908
979
5678
2741
2906
6974
1834
4791
6843
335
3604
767
3225
4317
1916
9121
2410
4257
7158
8531
1249
2977
3401
1429
34
7640
1613
659
4338
7730
734
8245
5061
2763
985
7966
9737
9170
9108
2931
5856
9064
3698
9080
3380
1965
4552
5789
6221
1709
672
3821
1037
424
5249
1070
8064
6862
8080
2401
943
8813
6997
6003
1576
7981
321
7664
3502
9428
6946
9357
8491
643
8436
8222
8959
9339
4011
1531
7399
1034
5351
8435
1457
6952
5857
5872
165
3936
4624
1107
2749
1620
3462
676
5952
3782
4691
9453
9561
1636
8809
4404
8631
3596
2625
7589
9286
2987
9120
6684
372
822
1471
1829
7773
7327
4052
4289
1262
8676
5396
362
6647
5209
7389
2599
8990
2079
2051
4902
67
7212
5657
8697
7159
4634
2637
6445
3972
8108
9480
4344
8930
950
2524
3054
4628
6575
7343
2242
1602
9090
2603
8249
4298
6344
847
9639
4774
9249
892
4840
2812
6549
9888
9971
1182
2525
6415
5153
6984
2246
5848
5913
9548
8371
5319
4175
4946
9013
2768
2899
8102
1723
1147
8751
8066
8345
4741
2839
7594
5632
4031
405
2180
3918
6727
9713
2794
9493
1218
9778
1739
7065
2042
1286
1788
7360
1812
3085
6372
4580
5983
825
6302
7130
9575
719
5474
4315
3557
9419
6299
3939
6176
4830
7857
2902
4543
7002
8747
2112
3131
485
5528
5173
8122
7315
8884
9933
399
1608
864
6382
8784
3517
9863
8359
4235
1688
9025
4144
1107
1675
8082
3634
6505
2290
6535
7399
9292
5281
9510
8774
2117
5037
298
6590
8704
9182
6523
9102
7141
3738
1835
5924
7255
1697
634
1489
3385
6011
5632
843
7685
66
4476
4189
2355
7362
1587
7998
8995
7448
6772
1111
2485
7069
7701
1188
2602
575
6641
9742
664
8476
2018
4270
6524
2651
5759
9908
8661
7742
7102
6346
4159
1577
6886
6514
8939
8473
863
4285
5920
3986
1747
4756
7407
5799
2295
8
2725
8936
6102
3389
3763
4471
7658
286
7121
9768
6546
2134
3862
3647
8479
8020
1576
5364
885
6866
188
1748
1150
2460
2085
2896
3567
9491
8695
5862
5851
1419
1149
8304
4807
1263
2774
8817
1548
9894
8584
4445
8379
8797
4444
6857
6817
6019
8573
4053
2884
5112
2152
4033
7571
4237
6928
1138
3727
5622
3351
9577
7041
851
7880
8199
2113
7005
3367
12
3251
1951
4457
1629
7099
8900
8486
3915
4918
3410
4320
7801
4873
6471
8185
8796
707
5112
6285
4434
7086
9635
362
478
485
8242
5028
2597
5246
8395
8960
8496
345
3416
6477
7443
2315
1314
7710
3584
4723
2029
7736
5947
8499
5920
4742
5558
7384
1026
9991
4469
7012
352
4946
7496
4945
9973
6444
6543
8367
5404
1390
5063
5171
7866
8858
3838
9179
2919
7421
253
1299
1509
2552
9797
7428
7293
1706
4811
4671
1696
5631
1682
8400
6928
5530
9696
3253
8325
2590
7971
3728
3980
3034
5251
8197
8243
9088
3728
1161
2860
332
2459
4368
2883
8607
8148
176
313
9310
1198
8360
4941
2879
3111
8220
8408
2807
1472
6733
5396
9443
6812
5727
8828
2062
276
7070
7501
355
4582
361
686
3392
1080
3569
8350
9227
96
8662
8537
1293
3374
9829
523
6484
8048
8931
5642
9520
2015
7390
5314
5178
3116
4141
3592
9743
7562
1092
97
2143
7804
7135
1886
8884
7055
235
4462
7150
8897
2998
4794
8622
9178
1668
5105
7226
598
7099
3097
8964
4488
4762
4142
3955
8902
7733
3698
6463
5176
146
4957
2980
7280
6842
1863
4334
7076
6324
7835
2324
5674
8980
945
1203
648
2402
8428
7597
5852
7876
6561
339
2637
7054
4293
7890
1138
4342
704
6313
4488
5660
5644
8119
8853
7506
2453
5929
182
6639
4604
2207
5619
1901
3409
6266
654
8189
3862
6505
2416
6774
3195
1405
179
7487
9294
1316
8181
9998
3981
9020
2009
9624
7138
862
3482
5942
3142
15
2581
7745
2221
8199
5997
1981
816
6650
6521
1029
9506
8937
7803
2700
341
4333
6539
5986
5649
4719
5983
9629
3738
7992
5604
7227
5205
9085
3169
8346
9099
2101
2442
7671
299
8439
9652
1114
1440
6172
8494
946
1460
6296
9997
1800
6981
6535
4138
2629
7605
120
8609
7694
4463
4212
4921
9667
9649
4441
8012
8747
6541
454
2770
3191
5244
2421
656
6683
4944
9149
7628
6404
1797
3977
4555
8777
511
8692
1405
8116
5164
6365
5809
5978
6928
7081
5645
6576
1521
8
1675
4413
6813
4444
7603
8408
3216
8258
5091
4511
7407
9070
914
9203
3046
1821
7979
9909
6864
5735
8024
2027
2099
184
4357
5378
7265
1
8306
5137
6360
6332
9550
9525
775
7152
4284
342
5410
9374
4852
9168
4796
2118
8370
4193
3938
2700
4101
801
8434
2124
9180
6884
8660
3536
2261
5924
9888
6918
1060
2599
3249
6961
8475
375
4113
2759
716
5874
8484
1920
5041
3279
4037
9762
7472
4326
2461
1572
1478
7246
48
7009
4129
8707
544
2741
982
6783
9659
8393
9382
9259
5354
4208
9634
5818
6966
6701
8043
5450
4972
9435
5080
5360
5548
2551
9685
8008
475
7515
5253
6874
4523
5733
1932
5067
8473
9265
1849
4483
7657
7582
3742
9362
1790
9727
1531
5107
6427
5925
556
1399
5359
5636
6758
906
4538
2795
5265
1364
309
6869
8237
4831
2601
168
6249
7426
5784
4450
8260
9793
8383
2001
9154
172
8079
7037
5279
4506
9313
2186
2256
4672
7821
5365
1929
8711
8159
7194
74
4819
414
8311
6002
3015
4830
2250
6792
614
3051
5051
406
1434
3404
5911
7957
1482
9299
9587
2339
8612
1773
4594
9635
5945
6311
1563
4655
821
5108
4729
5640
5522
9391
7993
4888
572
6594
8031
7537
9645
3081
7942
7430
2836
205
5386
4318
5855
4973
3008
4466
3097
3954
452
9041
264
2015
48
1084
3474
4776
3075
5347
518
1067
234
1089
4013
8264
8626
3657
7697
2919
7438
6884
9475
2823
1201
5330
4147
561
6147
7243
4514
6599
2636
4777
4965
2683
2212
4790
7458
5287
137
4327
2705
6722
1767
6717
1338
6744
6725
9034
9663
4162
5917
5489
3337
3470
818
7483
4030
3317
1078
8543
6267
3713
9671
1231
6395
1882
6020
204
7168
2508
4530
6225
9230
2648
2941
567
9392
9666
5952
9054
179
1868
894
3515
1689
1712
7350
2070
1380
8427
612
7646
2139
6634
5228
4885
8516
7599
5088
2035
107
5969
8259
9336
8616
7552
6254
8007
3569
2205
3412
3747
424
4306
3614
2113
2369
963
4182
100
9389
1146
7745
7879
7779
2972
2763
2646
6922
4202
4681
7028
170
9291
2715
5137
3194
8968
9496
6762
7524
2907
6861
7948
3564
474
60
2284
1436
593
2383
7176
8090
6479
1406
5869
5802
4168
4866
2724
8369
9546
6103
4890
5189
5170
6378
8382
489
5873
1496
8013
5132
8356
5960
5047
5181
2371
7331
2968
9315
6065
143
7405
2544
1548
9625
4697
2067
4490
3772
6787
388
9875
8028
1928
5044
4405
309
5532
278
1804
9896
5409
6511
2207
6807
1691
4577
4137
4658
3892
6554
1152
7648
5449
2699
7272
145
1117
8113
3917
7903
8500
143
2282
6779
1538
6687
7088
7069
6964
5243
3317
8724
1754
5523
5530
9796
100
6019
4454
343
8924
5605
4342
4372
4656
1613
868
2124
9725
1136
27
4577
1278
2308
1355
2815
5346
4794
6236
8661
6389
9552
7384
8142
5074
9266
7937
1525
1636
8742
8219
559
4347
2560
1282
5354
524
2149
7477
6601
3285
3855
1177
914
2515
8883
3729
7860
29
9964
6521
6417
5867
256
910
7292
5873
5198
8817
7508
3940
3387
4418
4638
5947
5699
6343
6470
7848
3819
3070
7484
4026
598
8397
6540
5833
8477
4399
5861
4792
7271
8629
658
3879
5890
7950
9751
1087
3118
7259
1378
6504
1676
6015
2450
7375
8709
5272
1574
2528
8341
5409
6553
5291
157
9444
1123
8634
194
3335
3425
7465
1963
4083
1343
4204
8384
1093
5290
7853
4703
6668
4356
6379
9034
3158
105
7743
4781
8030
6622
3121
3438
9526
4763
3594
8969
5885
8579
9162
5571
2004
2978
7533
2438
4320
1736
7173
1765
3378
5025
6467
6397
5732
9197
5430
8889
5653
9524
3669
3682
6145
3142
3471
5670
4256
3417
990
141
1995
152
5711
3998
3129
9596
2787
3801
7683
9959
5565
7412
4983
8383
3808
715
3932
5590
5955
9584
1465
5976
9618
3962
5469
3088
5983
9724
2856
6973
6216
4851
7124
8279
5200
6604
4226
7987
404
1908
7945
2320
5672
9280
703
9479
6346
4634
1420
2300
569
2885
4627
186
6846
6447
9626
2828
6171
8833
9800
8738
3683
3275
7016
5235
9879
1241
3221
6634
9501
7517
8954
1524
3148
9656
7354
9493
641
8774
8145
7561
1658
9123
7747
4855
5570
3724
7682
8092
2556
3834
6829
2591
7108
197
7825
3338
7789
1045
9972
3641
4913
8925
5164
8061
4932
2518
3905
1924
7643
8401
9484
5652
7524
3582
506
3093
7305
4539
1184
6213
8372
4364
8803
1832
4560
6627
1521
2349
4023
7844
2341
5287
6768
7505
9699
8051
6374
3604
6326
4016
2004
5810
9667
5879
9391
172
8971
3048
1062
6506
5612
5786
870
4414
3969
1781
7392
5489
4129
7766
3333
6470
9404
6452
326
9103
855
6699
9058
7180
7066
7413
9341
6732
3292
5084
3255
2262
8131
668
5120
94
6453
5989
859
421
7769
8250
5910
8250
2367
5594
1071
1770
2045
7748
7224
9251
798
6281
6431
7863
3694
5771
946
3337
854
552
1950
5336
1219
7069
1781
7672
9409
2639
8092
3530
7240
353
8131
9606
2298
9201
7728
695
3300
1303
9945
4097
7584
2727
8311
7629
8498
9256
7317
5703
9807
9266
7391
1025
6335
9171
5048
2095
1810
9492
5624
5401
6196
106
1359
8494
9306
9086
9188
8957
6740
5484
3053
675
8211
1363
8303
3060
6970
1971
5114
6776
1237
8856
4153
3923
8027
5552
2369
6188
5043
7993
1588
7591
8098
9298
6084
3756
8383
1623
9064
5123
7106
2117
5797
1668
9831
452
4727
3153
8774
6193
9928
10
5048
432
284
9426
2336
2653
1965
7378
6997
9905
1320
5094
9202
7403
5201
7585
5377
617
9059
8835
9085
1207
6854
8915
8010
7933
2067
6784
4125
8347
3145
9172
5130
3429
4950
7465
6081
6914
1195
3077
6818
2514
4522
6020
6269
6075
9956
7997
6691
5366
6831
5775
6572
3685
1041
934
1617
9460
4069
2093
4158
7213
7616
9287
641
2565
3104
3073
9479
4298
2501
6296
3163
3375
2315
5783
9449
8622
3780
2491
3987
6962
4617
559
6998
5657
7844
8614
1468
1912
7058
5625
9124
4674
1264
6117
7238
4367
5541
6716
5016
8042
9364
4530
1416
8030
313
7216
6652
4092
9706
638
7405
4322
1196
4403
6330
9039
9368
7798
7302
6426
3422
6426
1099
4685
8894
4688
5403
4434
1404
418
2475
7119
4948
242
5148
5260
7457
1799
5703
7162
2437
9459
7835
9984
3861
4165
5375
3229
1962
2676
9654
1735
5453
7104
2772
4346
1791
8174
5132
9546
8592
3958
6664
9891
4200
8164
1502
8008
9962
7204
5170
2398
6662
9356
2382
6875
9872
4108
103
8185
6783
6108
9920
2236
9563
2691
2933
1353
7216
8064
7251
5807
2022
266
5697
2573
8429
3550
580
8391
7105
2101
7140
3767
1457
5873
6993
1328
9980
7095
9513
6763
9554
5784
5350
9116
4826
8282
6820
2041
2698
4070
4200
1071
4336
6248
3643
2764
9798
574
7506
6902
2675
4646
7020
483
518
4012
1810
498
7458
7674
3612
7011
9809
8961
6126
4634
3594
9298
6675
2643
3367
7226
3713
4054
3473
3707
6818
3270
4281
4323
172
6955
5320
7191
3789
5838
7555
1950
2687
5012
9624
6298
8375
5784
1610
852
418
5203
149
3444
7846
3516
669
7910
7569
4141
1617
738
3763
2249
1413
286
5555
6732
7476
9343
8921
1382
1292
1607
6394
7267
7904
1120
3051
9513
1971
9820
1068
2120
3263
5265
1987
283
3174
9555
775
1142
6645
4537
3390
8057
4822
8944
1140
8650
8286
61
31
9578
1667
2776
3196
9571
3895
6246
5435
2218
6065
6502
4337
5679
1766
6323
2313
1292
2229
3088
2433
8873
3976
5823
3281
8798
1118
4421
3799
9404
833
181
5333
2499
9309
8528
8421
9555
1126
208
1772
3542
6709
6108
5573
4827
2430
7885
6118
1011
972
4902
6235
4948
7076
9516
97
8194
288
247
3949
1120
427
5633
9970
9735
512
4743
9290
1637
4950
1061
1531
8010
7169
3455
2836
5950
1339
5305
3312
8663
6559
9547
9962
3634
9062
6410
8179
5701
6656
2127
3172
7082
7759
9493
3169
8271
4235
2458
6259
9184
9870
4141
7194
3390
7595
6381
5692
5286
1686
9003
3948
4596
8549
261
8229
3962
3022
2760
6014
9677
4886
9185
3110
8997
8678
6278
3619
9264
5087
6229
8448
1309
370
1993
4698
4316
8373
6741
9601
6410
5744
9900
1005
644
6512
5586
958
9533
8345
6971
9209
3230
2508
8671
8578
7537
4948
8548
6800
6387
4777
5247
7695
1498
3591
8744
5813
1964
5485
5414
8373
7580
1665
5730
8223
8177
1315
9180
7709
9659
2503
3270
9240
1362
1940
4170
8898
3239
2717
5697
9625
7493
7296
3671
8990
886
2415
4803
9201
4251
6568
3926
1830
8232
9655
52
6408
7321
5584
469
3331
4438
3738
2570
5799
5677
6739
4696
8915
5808
6744
4892
3300
391
8562
8642
7629
7328
9796
6829
1578
6363
754
3407
946
6760
9811
3706
4080
5394
4174
7410
6183
7911
6332
1981
9939
9422
3028
8853
5229
6123
3744
4881
6514
2306
3522
4142
9633
9669
7322
1211
2383
8076
969
3328
1187
779
7033
1619
6172
7558
5380
2354
1820
1711
686
1758
7485
3713
611
9065
9836
706
3945
2701
3011
3818
6842
8996
9838
515
6558
2220
8590
7526
5548
6129
4657
8932
7747
828
2842
3126
9534
4661
1189
6571
6419
5025
6636
3381
4089
6471
4086
4386
5523
3449
4555
8716
2444
4393
9230
5353
6612
4172
9230
8511
300
3886
3795
8046
1066
6636
7523
6951
1296
5063
3521
7714
87
156
1094
4176
2978
1532
8561
8500
4980
9467
3567
3775
3859
2797
9127
471
6968
4708
5333
3619
8594
9127
8016
6011
5762
5538
2961
3410
6953
2833
7475
7039
2989
8569
1214
2318
6452
6126
7170
1431
1945
736
5205
5803
9884
4331
2625
6851
9038
7958
6821
3983
3436
4836
9993
9198
6726
9305
2607
3678
2138
81
716
1478
5001
8282
147
1452
759
7316
9234
2703
4404
4438
8506
4287
5120
7482
7490
510
5439
4310
4492
8875
5498
837
4424
2223
141
3382
5900
8630
9814
6615
107
4815
4896
254
2618
2007
3921
1852
4709
8324
2641
9566
8963
7761
7048
6452
8270
8838
7113
9113
4064
2610
9949
8487
4832
6442
8220
7083
5071
8034
3698
5178
9200
4945
1783
8169
6951
5703
20
8012
379
9013
7577
9341
6773
4624
2144
5042
3462
9256
506
7525
8218
455
2364
9401
3248
583
6484
8318
8616
6533
9847
4167
1477
1629
2336
4780
3684
8707
9143
4062
7719
6719
3402
4491
1343
5545
5884
1156
4800
6390
5032
9369
3196
7395
8770
6443
4330
5253
4760
9297
1785
959
3464
9613
2587
2151
744
6270
857
9886
331
8576
6605
84
9418
4299
5628
1654
1806
6780
4395
6837
6148
7590
584
4917
384
4913
6521
1495
4209
8305
2453
4024
4270
1392
6174
5013
7661
3383
4899
4344
1958
7855
4427
7727
2153
55
9380
3958
6834
3774
7146
9333
7715
7729
602
8098
2641
7122
9593
3202
1779
2045
3577
6048
9788
6103
1060
7449
9485
2310
8144
1442
164
2570
5520
2316
8976
4900
2625
2161
5025
9771
7846
2740
7499
8447
837
6492
5568
6781
6045
7346
5178
5973
9745
4965
2075
7157
8765
1559
9466
6908
9352
9630
5830
4872
8297
1157
6123
7274
9670
1147
3396
7515
3886
894
5961
1075
3737
1528
7855
6133
5226
3032
2106
4970
4349
4180
8478
3113
2091
7944
21
1442
3925
5850
2665
8573
3358
8787
5846
3027
6286
9241
541
6523
6487
2853
7597
6575
733
1804
9060
5958
1187
1165
7279
5535
1696
5757
8648
3786
52
5020
1580
3976
7221
4244
8900
578
9383
1098
9957
5668
338
497
8542
3176
3350
2491
6103
4082
646
5162
6391
1832
2678
21
3719
725
2129
8718
4511
2180
89
2442
2507
7309
3037
1407
4238
2419
2504
4194
4438
9193
4691
9332
8721
4392
1822
4823
4825
2467
6336
1215
650
5365
1235
4368
6089
3364
9437
599
1895
9525
9392
4402
6833
2429
2160
7423
1199
4663
1616
1989
207
2658
1320
5279
7049
3141
6453
1873
1959
2788
9439
2608
8152
7026
3328
4241
389
2764
1191
8635
2289
6935
3036
5473
9363
5195
2895
6913
6209
863
8901
2768
3520
6572
8046
6921
6064
4499
8793
8022
3638
4584
6982
8142
1609
309
8734
8349
9424
9924
6983
8064
3210
19
3537
2572
1565
2783
5837
4126
9997
1089
6893
3517
7661
1290
437
3724
2140
5581
8098
5778
164
5079
3919
1772
5387
2652
120
1162
8927
3455
9226
2137
9825
2762
1060
1389
1896
3248
5514
1893
4337
8758
1761
8349
6400
2197
8424
8539
7777
6521
4316
4293
7951
4586
2416
9689
3589
8888
851
8868
2342
76
1004
2166
2837
8415
3554
1084
1663
5420
9328
2351
529
1088
699
6928
9636
9122
5467
3765
1995
6134
8057
9945
720
472
9634
660
9359
484
9527
1700
559
530
3865
9747
5297
3771
830
3311
5542
6510
5661
6070
7597
6359
9350
3585
1832
1168
7349
3826
7301
5405
3771
4372
5876
3404
5032
1587
3887
4558
9638
797
1440
3503
543
6736
3625
7724
46
5518
4233
5706
7939
8182
8416
7288
1766
6599
8455
9114
425
2108
4518
547
6479
6745
302
1510
4683
540
6068
4321
1336
7507
4175
1878
4242
7799
5953
639
9668
186
2696
7606
4719
7463
1246
6484
4061
9700
1949
837
8159
2818
1383
4638
5914
8036
6147
597
8575
2214
4917
9910
6072
9091
8139
6665
3241
4092
7303
2908
629
9998
6865
5347
3812
8110
8182
7873
4162
130
5061
2320
9299
6444
6957
5212
831
3104
5808
9406
1669
7076
9315
7741
2518
3806
4405
5758
7897
8060
5017
8525
4409
1882
3871
8221
9991
8404
6093
4152
4885
1153
2824
4183
3948
9780
5746
4779
9235
7906
536
904
4981
9850
4996
7499
7
5752
9608
7903
3811
4625
6427
8220
6506
6649
6440
2848
1404
8884
3352
6288
6388
6175
470
336
5954
6216
1466
1541
4121
2001
2444
5453
8202
3791
2951
8209
9542
2559
2463
9705
3535
5242
7924
6392
1890
715
9239
3294
9598
2590
5933
5985
5116
6403
2672
1070
8970
489
8962
9442
8841
7757
4894
7043
1547
7845
1603
7440
6755
417
7144
6641
5658
5067
3032
3900
5781
2270
3545
1730
1212
9477
7715
6327
2231
6738
3748
1200
7227
2709
641
6067
465
5535
9461
8363
9731
7415
5803
2837
7832
2946
9477
3489
4365
2508
7388
6497
1129
7284
8227
8692
6761
2293
5019
8991
9030
5118
191
6256
4179
7183
8675
995
2717
8135
9358
8799
5550
1512
1635
3381
4457
1111
3221
5173
9970
6961
8022
1099
4244
6248
6142
7356
4892
1160
6347
273
2630
2889
6529
6808
71
5203
7802
9140
9689
3511
7938
5238
5022
9573
4970
5831
7035
4543
1003
7005
7855
9024
4455
2098
1623
596
5806
2866
8108
2152
3139
7089
5040
6019
3896
1462
7573
8049
601
7261
1560
4891
8851
2933
4463
172
8763
7849
4714
9766
1205
2568
5141
5659
1018
3116
2607
6823
2333
7066
5326
5471
506
6717
1489
753
8178
9061
8801
5131
2674
6712
21
1524
9645
835
1695
8407
5035
2761
4524
6240
1680
6017
8250
2697
5484
7208
5871
7816
4273
7548
3287
1130
4264
1127
1882
8794
6540
683
276
9213
3746
296
7088
9742
7482
8782
8149
2516
1542
9024
8755
9574
1392
3357
8622
6875
564
4493
4691
1189
2040
4329
2318
2656
1807
4200
1449
8346
1234
1724
3910
4979
8371
997
4721
2204
9779
9221
1071
7672
4596
6178
3597
5988
9534
2219
9214
97
3063
3904
1285
1454
4584
9955
4109
6391
4154
1909
1088
1739
9984
4998
3069
8354
5994
4141
6909
2124
9713
7980
6148
4309
4157
9744
6648
3690
1962
5861
138
1376
6117
7775
2830
700
7729
6938
3442
8234
8847
4530
9972
5182
5879
9392
3536
8224
3533
6796
348
3245
4775
2847
7553
8931
8942
552
8972
7256
6413
9110
8631
2529
6884
1460
9580
964
4750
3022
9197
9948
3903
5520
5129
9781
4911
5016
8004
8443
1812
4703
8040
6586
3901
1944
1869
2843
2496
7192
98
8908
6301
5080
1436
9536
6540
7367
6851
1289
388
6047
1236
642
7918
2716
422
9181
7732
4778
7623
9543
5832
2014
2480
6085
3958
700
8927
6453
7892
5376
5360
544
455
3147
6432
3346
513
3282
986
7253
5681
8573
7894
9950
1289
4668
9130
9020
5797
3105
4914
7980
5118
3745
4064
9075
4445
9342
5527
8688
4717
7238
5583
1524
384
8366
1221
7249
1648
2207
4501
3680
779
8746
3629
8419
9765
2759
7438
1913
5863
8703
9893
980
2448
3956
6407
3244
3298
1933
8283
4366
9171
217
5889
5906
8583
7110
3154
6582
5668
4006
261
2798
9104
241
1217
5220
9351
5006
7133
1565
3709
7025
2545
2508
7332
5303
2103
629
7235
385
1347
2757
601
3587
8663
9183
7048
8168
2116
2715
8526
8728
5513
7629
8969
6729
2848
8319
8086
9980
9884
1794
3356
8780
653
688
4082
2755
7668
7668
9491
5366
6777
6444
8953
1791
1978
6000
9958
4094
8715
4835
2821
579
2463
1789
3659
1663
6460
1744
7994
2695
9890
7702
7826
6894
4741
8259
9649
8760
5926
5491
4126
9054
1934
3078
844
3912
5429
7154
8005
495
1988
825
1073
803
8966
1083
8817
1777
2827
6810
4471
9068
863
8648
5961
5603
6906
1961
4363
9183
7452
8488
8237
9385
7917
9080
3296
3345
2585
7652
3840
4573
4829
1264
1727
146
2347
543
1922
5173
3704
2744
592
4567
1391
6552
169
8296
8513
883
7478
5964
5722
2066
1700
3638
7498
1348
6983
82
8999
7174
4654
3827
8437
6380
324
783
3274
2245
2307
6978
1340
2898
1544
9082
5802
8064
3729
4314
5299
7559
6629
1020
9624
8328
4658
7121
9675
7992
7203
5026
5165
8208
5204
3601
940
5528
4384
4213
4124
6690
7542
5464
5940
5437
4545
1741
9853
4626
2406
5151
2184
9034
6170
1807
3713
827
5280
9740
8818
8834
4765
334
7041
9968
3935
4332
1847
4670
4897
5971
1359
8790
1434
3650
4227
2330
5390
4079
6955
4147
9229
9138
3180
1750
7297
3245
2577
8928
2984
7746
7761
4100
8080
1153
419
2014
1837
2266
6683
6733
8236
4393
5522
6021
4395
6100
8350
6136
178
1657
283
5758
7146
9814
7508
794
3058
6436
9721
6041
4181
3833
6492
8612
4986
6911
6977
6822
9176
11
9906
3763
756
1779
9783
5150
7879
4484
1285
4408
2492
7919
6518
5990
7733
4025
6783
790
460
2856
3183
992
6688
9674
5956
1673
2936
2932
4846
8463
2943
1103
2225
3698
2882
8359
5199
7112
9195
2835
7871
1686
754
4388
4027
8486
8412
810
5627
5223
3665
8809
2567
6704
4835
8522
4729
7770
7805
9574
6233
747
7029
4809
796
9910
9520
5994
3373
8714
5181
1243
6751
5934
5631
778
4419
394
7939
6397
1969
1603
5206
887
4658
6392
9408
9386
513
7212
5312
6745
4311
2340
7906
1458
8601
7425
7452
1973
2490
2632
9567
9240
4917
5197
6369
5687
1943
4307
2083
3911
2261
3640
1149
6919
31
556
6304
544
4119
7967
3640
4781
306
7897
6239
8906
5321
42
7230
4162
9025
6797
3402
3941
8345
6122
5979
6639
429
8061
6901
2689
8053
8049
9607
8083
4956
2263
4978
5427
