17
555
320
3
901
89
397
594
744
18
875
431
553
102
847
106
420
132
351
390
62
22
347
55
454
891
944
86
77
654
467
93
561
138
447
813
226
844
406
322
213
632
752
765
734
950
222
505
82
572
895
495
946
241
902
751
483
845
837
912
850
655
356
410
144
803
574
722
646
332
43
858
963
794
974
696
95
196
201
528
119
447
23
416
39
924
167
521
768
355
784
969
361
140
731
504
942
304
225
587
635
619
444
598
764
417
645
859
964
197
386
83
643
408
498
681
683
16
554
802
370
337
771
730
476
501
586
417
156
810
355
143
429
798
740
192
567
736
402
882
933
788
964
575
547
814
608
230
829
513
31
551
201
153
632
677
5
217
445
161
379
800
303
159
949
394
702
867
129
104
749
61
891
64
988
437
229
947
18
58
459
49
960
659
201
943
687
206
160
484
718
890
635
20
48
935
765
749
802
245
204
902
306
94
317
645
883
546
943
900
955
753
300
266
411
501
208
450
58
719
285
775
608
919
146
655
853
910
756
6
506
959
259
163
405
928
807
639
473
749
538
779
853
838
44
616
690
603
65
747
322
701
873
929
619
370
936
823
279
43
181
784
353
791
299
757
718
105
395
542
206
285
320
58
474
715
673
163
318
89
261
639
789
485
919
759
854
854
934
484
248
114
619
601
904
917
357
974
374
104
515
579
388
835
988
213
549
13
727
866
453
339
856
242
823
775
352
28
980
285
511
228
750
481
828
654
398
536
979
771
639
493
701
378
679
40
942
228
404
668
445
857
6
653
98
180
427
801
207
406
86
69
633
835
550
812
840
299
348
818
421
338
663
121
716
341
512
657
920
916
677
717
772
682
369
221
214
795
21
420
552
458
841
537
293
390
348
484
40
47
654
460
385
316
580
452
656
443
460
928
358
136
644
481
170
364
701
383
510
74
154
61
531
994
949
823
735
297
659
774
695
312
233
79
627
164
530
634
607
990
913
316
477
556
797
646
271
849
28
780
922
534
193
453
527
141
627
614
437
637
387
132
948
620
562
926
135
444
560
93
433
824
409
909
732
557
907
2
757
286
782
679
819
974
483
346
114
461
959
903
98
697
386
45
668
299
323
803
742
234
895
526
57
655
435
788
563
693
790
320
978
923
350
797
248
832
494
713
644
804
967
741
500
352
138
520
3
460
674
744
45
920
270
101
575
56
889
137
748
30
808
77
304
157
873
903
340
718
615
984
521
582
76
373
285
565
244
287
376
917
31
420
836
300
521
762
707
761
251
454
142
58
530
797
215
755
699
906
824
313
889
697
894
965
69
179
881
664
817
257
580
847
676
415
498
548
177
556
308
427
361
801
836
243
597
50
997
295
956
820
608
196
516
853
512
936
383
393
599
200
649
530
398
676
945
248
224
473
155
883
251
516
684
86
758
280
488
754
575
795
925
534
990
793
738
502
80
121
246
31
672
246
560
421
921
504
20
496
328
175
379
578
690
62
664
447
693
503
552
619
297
828
152
286
620
242
139
52
362
736
82
385
981
641
157
254
497
177
749
824
351
127
754
392
540
769
190
233
271
741
851
567
920
355
204
892
596
695
943
309
430
24
693
763
664
849
16
512
377
116
336
79
595
89
470
134
857
659
366
479
751
569
45
23
923
248
914
518
294
856
826
724
231
870
486
894
718
853
406
95
968
93
173
914
533
995
48
741
5
765
219
108
333
263
130
607
862
43
124
156
250
301
231
480
170
68
725
240
920
130
686
239
574
210
153
106
556
552
846
561
316
64
668
1
678
797
607
540
191
83
47
440
383
277
919
905
344
643
496
615
125
181
205
50
742
709
156
298
260
353
210
928
769
877
928
446
25
886
337
567
968
383
6
703
11
276
607
354
918
102
320
394
634
525
444
727
233
951
24
493
655
585
420
423
461
699
221
837
584
557
403
552
292
760
606
302
35
212
8
305
665
327
50
650
851
493
376
436
795
752
280
450
336
51
872
149
749
92
337
684
1
92
587
292
851
192
945
886
403
952
542
419
631
591
420
833
436
796
268
230
899
547
31
586
597
903
734
345
346
423
381
698
514
967
989
364
159
286
601
913
237
142
684
867
733
103
700
168
898
319
397
148
866
428
734
462
682
819
159
379
241
539
429
754
857
769
118
15
54
70
928
643
212
611
509
944
65
560
463
315
231
211
462
96
990
195
909
23
366
419
402
606
309
182
712
166
950
181
180
4
250
459
646
461
421
506
756
486
418
218
800
648
429
613
95
418
160
3
793
525
